#POS
condensed ERS-7
meta-info = 295506 35827
outputs = -0.98738 -0.113825 2.18869 -1.02125 -0.125208 2.1502 -0.305127 -0.239033 2.17894 -0.370583 -0.210577 2.17785 -0.088301 -0.818989 -0.329672 0.078031 0.812955 -0.066322 0 0 0 0 0 0 0 0.444445 0 0.444445 0 0 0.460815 0.431915 0.28805 0.0142777 0.0612835 0 0 0 0 0 0.142218 0 0 0 0 0 0
buttons = 0 1 0 0 0 0 0 0 0 1
sensors = 144.604 217.726 131.446 0.586722 0 -9.80665 0.94 30.19 1766 7.735 -944
pidduties = 0 -0.0976562 0.177734 -0.0546875 -0.0878906 0.0273438 0.0136719 -0.0976562 0.191406 -0.0546875 -0.0878906 0.0410156 0.0683594 -0.0195312 -0.0703125 0.015625 0.00585938 0.00390625
#END
