#POS
condensed ERS-7
meta-info = 298738 36231
outputs = -0.98738 -0.113825 2.18869 -1.02125 -0.125208 2.1502 -0.299024 -0.239033 2.17356 -0.370583 -0.216268 2.17785 -0.082782 -0.818989 -0.329672 0.078031 0.812955 -0.066322 0 0 0 0 0 0 0 0.444445 0 0.444445 0 0 2.56196e-06 0.766729 1.09453e-05 0.33965 4.6988e-05 0 0 0 0 0 0.0303603 0 0 0 0 0 0
buttons = 0 1 0 0 0 0 0 0 0 1
sensors = 134 200 132.075 0.251452 0.33816 -9.80665 0.94 30.19 1766 7.735 -944
pidduties = 0 -0.0976562 0.177734 -0.0546875 -0.0878906 0.0273438 0 -0.0878906 0.232422 -0.0683594 -0.078125 0.0410156 0.0585938 -0.0195312 -0.0703125 0.015625 0.00585938 0.00390625
#END
