#POS
condensed ERS-7
meta-info = 293649 35595
outputs = -0.98738 -0.119516 2.18869 -1.02125 -0.125208 2.1502 -0.305127 -0.244725 2.17356 -0.370583 -0.216268 2.17785 -0.082782 -0.818989 -0.329672 0.078031 0.799176 -0.070744 0 0 0 0 0 0 0 0.444445 0 0.444445 0 0 0.00144535 1.16631 0.00614971 0.113372 0.0265215 0 0 0 0 0 0.00175607 0 0 0 0 0 0
buttons = 0 1 0 0 0 0 0 0 0 1
sensors = 386.538 468.879 131.761 0.419087 0.16908 -9.80665 0.94 30.19 1766 7.735 -944
pidduties = 0 -0.0878906 0.177734 -0.0546875 -0.0878906 0.0273438 0.0136719 -0.078125 0.205078 -0.0546875 -0.078125 0.0410156 0.0527344 -0.0195312 -0.0703125 -0.00390625 0.0195312 0.015625
#END
