#POS
condensed ERS-7
meta-info = 300593 36463
outputs = -0.975908 -0.113825 2.18869 -1.02125 -0.125208 2.1502 -0.311229 -0.239033 2.17356 -0.370583 -0.210577 2.17785 -0.088301 -0.818989 -0.336136 0.072029 0.812955 -0.070744 0 0 0 0 0 0 0 0.444445 0 0.444445 0 0 0.899126 0.428577 0.00386723 2.53255e-05 0.000108796 0 0 0 0 0 0.0720842 0 0 0 0 0 0
buttons = 0 1 0 0 0 0 0 0 0 1
sensors = 446.666 768.707 132.389 0.419087 0.33816 -9.80665 0.94 30.19 1766 7.735 -944
pidduties = -0.0410156 -0.0976562 0.177734 -0.0546875 -0.0878906 0.0273438 0.0273438 -0.0878906 0.232422 -0.0546875 -0.0976562 0.0410156 0.0683594 -0.0195312 -0.0625 0.0195312 0.00585938 0.015625
#END
