#POS
condensed ERS-7
meta-info = 296561 35959
outputs = -0.981644 -0.113825 2.18869 -1.01575 -0.125208 2.1502 -0.305127 -0.244725 2.17356 -0.370583 -0.210577 2.17785 -0.088301 -0.818989 -0.336136 0.084034 0.812955 -0.066322 0 0 0 0 0 0 0 0.444445 0 0.444445 0 0 0.82119 0.428579 0.00127555 3.04954e-05 0.000130894 0 0 0 0 0 0.0605091 0 0 0 0 0 0
buttons = 0 1 0 0 0 0 0 0 0 1
sensors = 467.441 768.707 132.389 0.251452 0.16908 -9.80665 0.94 30.19 1766 7.735 -944
pidduties = -0.0273438 -0.0976562 0.177734 -0.0683594 -0.0878906 0.0273438 0.0136719 -0.078125 0.205078 -0.0546875 -0.0878906 0.0410156 0.0625 -0.0195312 -0.0664062 0 -0.00390625 0.00390625
#END
