#POS
condensed ERS-7
meta-info = 297201 36039
outputs = -0.975908 -0.113825 2.18869 -1.01575 -0.125208 2.1502 -0.305127 -0.244725 2.17356 -0.370583 -0.210577 2.17785 -0.088301 -0.818989 -0.329672 0.084034 0.799176 -0.070744 0 0 0 0 0 0 0 0.444445 0 0.444445 0 0 0.0196257 0.428572 0.0838457 0.154646 0.472985 0 0 0 0 0 0.0985458 0 0 0 0 0 0
buttons = 0 1 0 0 0 0 0 0 0 1
sensors = 174.782 200 132.075 0.251452 0.33816 -9.30801 0.94 30.19 1766 7.735 -944
pidduties = -0.0410156 -0.0976562 0.177734 -0.0683594 -0.0878906 0.0273438 0.0136719 -0.078125 0.150391 -0.0546875 -0.0976562 0.0410156 0.0683594 -0.0117188 -0.0703125 0 0.0195312 0.015625
#END
