#POS
condensed ERS-7
meta-info = 297137 36031
outputs = -0.98738 -0.113825 2.18869 -1.01575 -0.125208 2.1502 -0.305127 -0.227651 2.17356 -0.37656 -0.216268 2.17785 -0.088301 -0.818989 -0.336136 0.072029 0.812955 -0.066322 0 0 0 0 0 0 0 0.444445 0 0.444445 0 0 0.0284885 0.428572 0.121773 0.0210259 0.794679 0 0 0 0 0 0.118639 0 0 0 0 0 0
buttons = 0 1 0 0 0 0 0 0 0 1
sensors = 174.782 200 132.075 0.419087 0.33816 -9.80665 0.94 30.19 1766 7.735 -944
pidduties = 0 -0.0976562 0.177734 -0.0683594 -0.0878906 0.0273438 0.0136719 -0.117188 0.164062 -0.0410156 -0.078125 0.0410156 0.0683594 -0.0195312 -0.0625 0.0292969 0.00585938 0.0117188
#END
