#POS
condensed ERS-7
meta-info = 294449 35695
outputs = -0.98738 -0.119516 2.18311 -1.01575 -0.125208 2.1502 -0.305127 -0.239033 2.17356 -0.370583 -0.216268 2.17785 -0.082782 -0.818989 -0.329672 0.078031 0.812955 -0.070744 0 0 0 0 0 0 0 0.444445 0 0.444445 0 0 1.37065e-05 0.580141 5.83185e-05 0.00107483 0.000251507 0 0 0 0 0 0.124719 0 0 0 0 0 0
buttons = 0 1 0 0 0 0 0 0 0 1
sensors = 456.818 768.707 132.075 0.419087 0.16908 -9.80665 0.94 30.19 1766 7.735 -944
pidduties = 0 -0.0878906 0.205078 -0.0683594 -0.0878906 0.0273438 0.0136719 -0.0878906 0.177734 -0.0546875 -0.078125 0.0410156 0.0585938 -0.0195312 -0.0742188 0.00585938 -0.00390625 0.0234375
#END
