#POS
condensed ERS-7
meta-info = 294866 35747
outputs = -0.98738 -0.119516 2.18869 -1.02125 -0.125208 2.1502 -0.305127 -0.239033 2.17356 -0.370583 -0.216268 2.17785 -0.088301 -0.818989 -0.329672 0.084034 0.785397 -0.066322 0 0 0 0 0 0 0 0.444445 0 0.444445 0 0 1.21602e-06 0.567654 5.17395e-06 0.867965 0.00922595 0 0 0 0 0 0.00404561 0 0 0 0 0 0
buttons = 0 1 0 0 0 0 0 0 0 1
sensors = 410.204 768.707 132.075 0.419087 0.33816 -9.80665 0.93 30.24 1766 7.701 -1019
pidduties = 0 -0.0878906 0.177734 -0.0410156 -0.0878906 0.0273438 0.0273438 -0.0878906 0.232422 -0.0683594 -0.078125 0.0410156 0.0625 -0.0117188 -0.0703125 -0.00976562 0.0351562 0.0117188
#END
