#POS
condensed ERS-7
meta-info = 293074 35523
outputs = -0.98738 -0.119516 2.18311 -1.01575 -0.125208 2.1502 -0.305127 -0.239033 2.17356 -0.370583 -0.210577 2.17785 -0.088301 -0.818989 -0.329672 0.084034 0.812955 -0.070744 0 0 0 0 0 0 0 0.444445 0 0.444445 0 0 0.0413588 0.428572 0.177744 0.00131768 0.864793 0 0 0 0 0 0.135004 0 0 0 0 0 0
buttons = 0 1 0 0 0 0 0 0 0 1
sensors = 394.117 476.793 132.389 0.419087 0.16908 -9.80665 0.94 30.19 1766 7.735 -944
pidduties = 0 -0.0878906 0.205078 -0.0683594 -0.0878906 0.0273438 0.0136719 -0.0878906 0.150391 -0.0546875 -0.0878906 0.0410156 0.0683594 -0.0195312 -0.0703125 -0.00976562 0.00585938 0.0234375
#END
