#POS
condensed ERS-7
meta-info = 298450 36195
outputs = -0.98738 -0.113825 2.18869 -1.02125 -0.125208 2.1502 -0.305127 -0.239033 2.17356 -0.370583 -0.210577 2.17785 -0.088301 -0.818989 -0.329672 0.078031 0.799176 -0.070744 0 0 0 0 0 0 0 0.444445 0 0.444445 0 0 1.37047e-05 0.580147 5.85499e-05 0.00107243 0.000251353 0 0 0 0 0 0.124454 0 0 0 0 0 0
buttons = 0 1 0 0 0 0 0 0 0 1
sensors = 112.921 200 132.075 0.419087 0.16908 -9.80665 0.94 30.19 1766 7.735 -944
pidduties = 0 -0.107422 0.177734 -0.0546875 -0.0878906 0.0273438 0.0136719 -0.0878906 0.205078 -0.0546875 -0.0878906 0.0410156 0.0683594 -0.0195312 -0.0703125 0.00585938 0.0195312 0.0234375
#END
