#POS
condensed ERS-7
meta-info = 296817 35991
outputs = -0.98738 -0.113825 2.18869 -1.01575 -0.125208 2.1502 -0.299024 -0.244725 2.17894 -0.37656 -0.216268 2.17785 -0.088301 -0.818989 -0.329672 0.084034 0.812955 -0.066322 0 0 0 0 0 0 0 0.444445 0 0.444445 0 0 0.185933 0.428573 0.844317 6.86845e-06 0.00100398 0 0 0 0 0 0.138601 0 0 0 0 0 0
buttons = 0 1 0 0 0 0 0 0 0 1
sensors = 163.414 255.079 132.075 0.251452 0.16908 -9.97286 0.94 30.19 1766 7.735 -944
pidduties = -0.0136719 -0.107422 0.177734 -0.0820312 -0.0878906 0.0273438 0 -0.078125 0.191406 -0.0410156 -0.078125 0.0410156 0.0683594 -0.0195312 -0.0703125 -0.00976562 0.00585938 0.0117188
#END
