#POS
condensed ERS-7
meta-info = 294769 35735
outputs = -0.981644 -0.113825 2.18869 -1.02676 -0.125208 2.1502 -0.299024 -0.239033 2.17356 -0.370583 -0.210577 2.17785 -0.088301 -0.818989 -0.329672 0.078031 0.812955 -0.066322 0 0 0 0 0 0 0 0.444445 0 0.444445 0 0 2.1267e-06 0.687616 9.04873e-06 0.559888 0.000106989 0 0 0 0 0 0.0220608 0 0 0 0 0 0
buttons = 0 1 0 0 0 0 0 0 0 1
sensors = 446.666 768.707 133.647 0.586722 0.16908 -9.80665 0.93 30.24 1766 7.701 -1019
pidduties = -0.0273438 -0.107422 0.177734 -0.0273438 -0.0878906 0.0273438 -0.0136719 -0.0976562 0.232422 -0.0683594 -0.0976562 0.0410156 0.078125 -0.0195312 -0.0703125 0.015625 -0.00390625 0.0117188
#END
