#POS
condensed ERS-7
meta-info = 299441 36319
outputs = -0.98738 -0.113825 2.18869 -1.02676 -0.125208 2.1502 -0.311229 -0.239033 2.17356 -0.370583 -0.216268 2.17785 -0.088301 -0.818989 -0.323208 0.084034 0.812955 -0.066322 0 0 0 0 0 0 0 0.444445 0 0.444445 0 0 0.119085 0.433425 0.519727 0.020737 0.0890841 0 0 0 0 0 0.129542 0 0 0 0 0 0
buttons = 0 1 0 0 0 0 0 0 0 1
sensors = 173.275 202.146 132.075 0.419087 0.33816 -9.80665 0.94 30.19 1766 7.735 -944
pidduties = 0 -0.107422 0.177734 -0.0273438 -0.0878906 0.0273438 0.0410156 -0.0878906 0.21875 -0.0683594 -0.078125 0.0410156 0.0625 -0.0195312 -0.0820312 0 0.00585938 0.00390625
#END
