#POS
condensed ERS-7
meta-info = 299634 36343
outputs = -0.981644 -0.113825 2.18869 -1.02125 -0.125208 2.1502 -0.305127 -0.239033 2.17356 -0.370583 -0.216268 2.17785 -0.088301 -0.818989 -0.329672 0.084034 0.812955 -0.066322 0 0 0 0 0 0 0 0.444445 0 0.444445 0 0 0.812359 0.430158 0.124651 0.00677977 0.0291252 0 0 0 0 0 0.149175 0 0 0 0 0 0
buttons = 0 1 0 0 0 0 0 0 0 1
sensors = 220.879 240.938 132.075 0.419087 0.16908 -9.80665 0.94 30.19 1766 7.735 -944
pidduties = -0.0273438 -0.107422 0.177734 -0.0546875 -0.0878906 0.0273438 0.0136719 -0.0976562 0.205078 -0.0546875 -0.078125 0.0410156 0.0683594 -0.0195312 -0.0703125 -0.00976562 -0.00390625 0.00390625
#END
