#POS
condensed ERS-7
meta-info = 295857 35871
outputs = -0.98738 -0.119516 2.18869 -1.02125 -0.125208 2.1502 -0.305127 -0.239033 2.17356 -0.370583 -0.216268 2.17785 -0.088301 -0.818989 -0.329672 0.084034 0.812955 -0.070744 0 0 0 0 0 0 0 0.444445 0 0.444445 0 0 0.145499 0.429002 0.0337373 0.00183872 0.00789228 0 0 0 0 0 0.102205 0 0 0 0 0 0
buttons = 0 1 0 0 0 0 0 0 0 1
sensors = 181.081 236.897 132.075 0.419087 0.16908 -9.80665 0.94 30.19 1766 7.735 -944
pidduties = 0 -0.0878906 0.177734 -0.0410156 -0.0878906 0.0273438 0.0136719 -0.0878906 0.150391 -0.0683594 -0.078125 0.0410156 0.0722656 -0.0195312 -0.0703125 -0.00976562 -0.0234375 0.0234375
#END
