#POS
condensed ERS-7
meta-info = 297618 36091
outputs = -0.98738 -0.113825 2.18869 -1.02125 -0.125208 2.1502 -0.305127 -0.239033 2.17356 -0.37656 -0.216268 2.17785 -0.088301 -0.818989 -0.329672 0.084034 0.812955 -0.066322 0 0 0 0 0 0 0 0.444445 0 0.444445 0 0 0.00174117 1.2965 0.00743868 0.136443 0.031934 0 0 0 0 0 0.000187367 0 0 0 0 0 0
buttons = 0 1 0 0 0 0 0 0 0 1
sensors = 199.009 223.762 133.647 0.419087 0 -9.80665 0.94 30.19 1766 7.735 -944
pidduties = 0 -0.0976562 0.177734 -0.0546875 -0.0878906 0.0273438 0.0136719 -0.0878906 0.205078 -0.0410156 -0.078125 0.0410156 0.0625 -0.0195312 -0.0703125 -0.00976562 0.00585938 0.00390625
#END
