#POS
condensed ERS-7
meta-info = 298225 36167
outputs = -0.975908 -0.113825 2.18869 -1.01575 -0.125208 2.1502 -0.305127 -0.239033 2.17894 -0.37656 -0.216268 2.17785 -0.088301 -0.815283 -0.329672 0.084034 0.799176 -0.070744 0 0 0 0 0 0 0 0.444445 0 0.444445 0 0 5.05038e-05 0.445621 0.000215764 0.00395207 0.000926269 0 0 0 0 0 0.148429 0 0 0 0 0 0
buttons = 0 1 0 0 0 0 0 0 0 1
sensors = 189.622 225.548 132.389 0.586722 0.16908 -9.80665 0.93 30.24 1766 7.701 -1019
pidduties = -0.0410156 -0.0976562 0.177734 -0.0683594 -0.0878906 0.0273438 0.0136719 -0.0976562 0.205078 -0.0410156 -0.078125 0.0410156 0.078125 -0.03125 -0.0742188 0 0.0195312 0.015625
#END
