#POS
condensed ERS-7
meta-info = 292338 35431
outputs = -0.98738 -0.113825 2.18869 -1.02125 -0.125208 2.1502 -0.305127 -0.244725 2.17356 -0.37656 -0.210577 2.17785 -0.088301 -0.815283 -0.336136 0.084034 0.812955 -0.070744 0 0 0 0 0 0 0 0.444445 0 0.444445 0 0 0.0114265 0.428598 0.00206394 0.000112604 0.000482359 0 0 0 0 0 0.00370908 0 0 0 0 0 0
buttons = 0 1 0 0 0 0 0 0 0 1
sensors = 394.117 476.793 132.075 0.419087 0.16908 -9.80665 0.94 30.19 1766 7.735 -944
pidduties = 0 -0.0976562 0.177734 -0.0546875 -0.0878906 0.0273438 0.0136719 -0.078125 0.21875 -0.0410156 -0.0878906 0.0410156 0.0683594 -0.03125 -0.0625 -0.00390625 0.00585938 0.0234375
#END
