#POS
condensed ERS-7
meta-info = 293810 35615
outputs = -0.98738 -0.119516 2.18869 -1.02125 -0.125208 2.1502 -0.305127 -0.239033 2.17356 -0.370583 -0.210577 2.17785 -0.088301 -0.818989 -0.329672 0.078031 0.799176 -0.066322 0 0 0 0 0 0 0 0.444445 0 0.444445 0 0 0.000569329 0.623764 0.0024224 0.0446456 0.0104469 0 0 0 0 0 0.0326641 0 0 0 0 0 0
buttons = 0 1 0 0 0 0 0 0 0 1
sensors = 446.666 457.489 132.075 0.251452 0.16908 -9.80665 0.93 30.24 1766 7.701 -1019
pidduties = 0 -0.0878906 0.177734 -0.0546875 -0.0878906 0.0273438 0.0136719 -0.0878906 0.21875 -0.0546875 -0.0878906 0.0410156 0.0625 -0.0195312 -0.0703125 0.00585938 0.0195312 0.0117188
#END
