#POS
condensed ERS-7
meta-info = 300209 36415
outputs = -0.98738 -0.113825 2.18869 -1.01575 -0.125208 2.1502 -0.305127 -0.239033 2.17894 -0.370583 -0.216268 2.17785 -0.088301 -0.818989 -0.329672 0.084034 0.812955 -0.061901 0 0 0 0 0 0 0 0.444445 0 0.444445 0 0 0.0186298 0.428627 0.00435335 0.00023693 0.00101783 0 0 0 0 0 0.00288159 0 0 0 0 0 0
buttons = 0 1 0 0 0 0 0 0 0 1
sensors = 436.956 748.344 130.817 0.586722 0.16908 -9.64044 0.94 30.19 1766 7.735 -944
pidduties = 0 -0.0976562 0.177734 -0.0820312 -0.0878906 0.0273438 0.0136719 -0.0976562 0.191406 -0.0546875 -0.078125 0.0410156 0.0683594 -0.0195312 -0.0703125 0 0.00585938 0
#END
