#POS
condensed ERS-7
meta-info = 294801 35739
outputs = -0.98738 -0.113825 2.18869 -1.01575 -0.125208 2.1502 -0.305127 -0.239033 2.17356 -0.37656 -0.210577 2.17785 -0.088301 -0.818989 -0.329672 0.084034 0.799176 -0.066322 0 0 0 0 0 0 0 0.444445 0 0.444445 0 0 1.76516e-06 0.634842 7.51044e-06 0.768922 0.000455467 0 0 0 0 0 0.0146789 0 0 0 0 0 0
buttons = 0 1 0 0 0 0 0 0 0 1
sensors = 410.204 768.707 132.075 0.419087 0.33816 -9.64044 0.94 30.19 1766 7.735 -944
pidduties = 0 -0.107422 0.177734 -0.0683594 -0.0878906 0.0273438 0.0136719 -0.0878906 0.21875 -0.0410156 -0.0976562 0.0410156 0.0625 -0.0195312 -0.0703125 0 0.00976562 0.00390625
#END
