#POS
condensed ERS-7
meta-info = 299665 36347
outputs = -0.98738 -0.113825 2.18869 -1.02676 -0.125208 2.1502 -0.317332 -0.239033 2.17356 -0.364606 -0.210577 2.17785 -0.082782 -0.818989 -0.329672 0.084034 0.812955 -0.066322 0 0 0 0 0 0 0 0.444445 0 0.444445 0 0 0.649335 0.429889 0.103394 0.00562721 0.0241739 0 0 0 0 0 0.14656 0 0 0 0 0 0
buttons = 0 1 0 0 0 0 0 0 0 1
sensors = 220.879 272.289 132.075 0.419087 0.16908 -9.97286 0.93 30.24 1766 7.701 -1019
pidduties = 0 -0.107422 0.177734 -0.0410156 -0.0878906 0.0273438 0.0546875 -0.0878906 0.205078 -0.0820312 -0.0878906 0.0410156 0.0585938 -0.0195312 -0.0703125 -0.00976562 0.00585938 0.0117188
#END
