#POS
condensed ERS-7
meta-info = 298514 36203
outputs = -0.98738 -0.113825 2.18869 -1.02676 -0.125208 2.1502 -0.305127 -0.239033 2.17356 -0.370583 -0.210577 2.17785 -0.082782 -0.818989 -0.329672 0.078031 0.799176 -0.066322 0 0 0 0 0 0 0 0.444445 0 0.444445 0 0 9.44119e-06 0.948567 4.0335e-05 0.000786156 0.000173157 0 0 0 0 0 0.105468 0 0 0 0 0 0
buttons = 0 1 0 0 0 0 0 0 0 1
sensors = 124.844 200 132.075 0.251452 0.16908 -9.80665 0.93 30.24 1766 7.701 -1019
pidduties = 0 -0.0976562 0.177734 -0.0273438 -0.078125 0.0273438 0.0136719 -0.0878906 0.232422 -0.0546875 -0.0976562 0.0410156 0.0585938 -0.0195312 -0.0703125 0.00585938 0.00976562 0.00390625
#END
