#POS
condensed ERS-7
meta-info = 294993 35763
outputs = -0.98738 -0.113825 2.18869 -1.02676 -0.125208 2.1502 -0.305127 -0.239033 2.17356 -0.370583 -0.216268 2.17785 -0.088301 -0.818989 -0.329672 0.084034 0.812955 -0.066322 0 0 0 0 0 0 0 0.444445 0 0.444445 0 0 5.77102e-07 0.494482 2.45547e-06 0.319536 0.378225 0 0 0 0 0 0.00278533 0 0 0 0 0 0
buttons = 0 1 0 0 0 0 0 0 0 1
sensors = 467.441 768.707 131.446 0.419087 0.16908 -9.64044 0.94 30.19 1766 7.735 -944
pidduties = 0 -0.107422 0.177734 -0.0273438 -0.0878906 0.0273438 0.0273438 -0.0976562 0.150391 -0.0683594 -0.078125 0.0410156 0.0625 -0.0195312 -0.0703125 -0.00976562 0.00585938 0.00390625
#END
