#POS
condensed ERS-7
meta-info = 300369 36435
outputs = -0.981644 -0.113825 2.18869 -1.01575 -0.125208 2.1502 -0.305127 -0.244725 2.17894 -0.370583 -0.210577 2.17785 -0.088301 -0.818989 -0.329672 0.084034 0.799176 -0.066322 0 0 0 0 0 0 0 0.444445 0 0.444445 0 0 0.017775 0.428593 0.0017148 9.33278e-05 0.000400926 0 0 0 0 0 0.00833979 0 0 0 0 0 0
buttons = 0 1 0 0 0 0 0 0 0 1
sensors = 446.666 758.389 131.446 0.419087 0.16908 -9.80665 0.93 30.25 1766 7.68 -1086
pidduties = -0.0273438 -0.0976562 0.177734 -0.0683594 -0.0878906 0.0273438 0.0136719 -0.078125 0.150391 -0.0683594 -0.0878906 0.0410156 0.0625 -0.0195312 -0.0742188 0 0.00976562 0.0117188
#END
