#POS
condensed ERS-7
meta-info = 295442 35819
outputs = -0.981644 -0.113825 2.18869 -1.02125 -0.125208 2.1502 -0.299024 -0.239033 2.17356 -0.370583 -0.210577 2.17785 -0.071744 -0.818989 -0.329672 0.078031 0.799176 -0.066322 0 0 0 0 0 0 0 0.444445 0 0.444445 0 0 0.119134 0.433425 0.519326 0.0207253 0.0889585 0 0 0 0 0 0.129299 0 0 0 0 0 0
buttons = 0 1 0 0 0 0 0 0 0 1
sensors = 379.245 217.726 132.075 0.419087 0.16908 -9.80665 0.93 30.24 1766 7.701 -1019
pidduties = -0.0273438 -0.0976562 0.177734 -0.0546875 -0.0878906 0.0273438 0 -0.0878906 0.205078 -0.0546875 -0.0976562 0.0410156 0.0332031 -0.0195312 -0.0703125 0.015625 0.00976562 0.00390625
#END
