#POS
condensed ERS-7
meta-info = 296306 35927
outputs = -0.98738 -0.113825 2.18869 -1.01575 -0.125208 2.1502 -0.299024 -0.244725 2.17356 -0.37656 -0.210577 2.17785 -0.088301 -0.818989 -0.329672 0.084034 0.812955 -0.070744 0 0 0 0 0 0 0 0.444445 0 0.444445 0 0 0.0112139 0.428603 0.00248429 0.000135397 0.00058116 0 0 0 0 0 0.00107718 0 0 0 0 0 0
buttons = 0 1 0 0 0 0 0 0 0 1
sensors = 427.659 660.818 132.075 0.419087 0.16908 -9.80665 0.93 30.24 1766 7.701 -1019
pidduties = 0 -0.0976562 0.177734 -0.0683594 -0.0878906 0.0273438 0 -0.078125 0.150391 -0.0410156 -0.0976562 0.0410156 0.0683594 -0.0195312 -0.0703125 -0.00976562 0.00585938 0.0234375
#END
