#POS
condensed ERS-7
meta-info = 298993 36263
outputs = -0.98738 -0.113825 2.18869 -1.01575 -0.125208 2.1502 -0.305127 -0.239033 2.17356 -0.370583 -0.210577 2.17785 -0.088301 -0.818989 -0.329672 0.084034 0.799176 -0.066322 0 0 0 0 0 0 0 0.444445 0 0.444445 0 0 5.77029e-07 0.494483 2.46521e-06 0.319875 0.378197 0 0 0 0 0 0.00278533 0 0 0 0 0 0
buttons = 0 1 0 0 0 0 0 0 0 1
sensors = 125.625 200 132.075 0.419087 0 -9.80665 0.93 30.24 1766 7.701 -1019
pidduties = 0 -0.0976562 0.177734 -0.0546875 -0.0878906 0.0273438 0.0136719 -0.0878906 0.191406 -0.0546875 -0.0976562 0.0410156 0.0625 -0.0117188 -0.0703125 -0.00976562 0.00976562 0.0117188
#END
