#POS
condensed ERS-7
meta-info = 292306 35427
outputs = -0.98738 -0.113825 2.18869 -1.02676 -0.125208 2.1502 -0.305127 -0.239033 2.17356 -0.370583 -0.216268 2.17785 -0.088301 -0.818989 -0.336136 0.084034 0.799176 -0.066322 0 0 0 0 0 0 0 0.444445 0 0.444445 0 0 0.0111845 0.428603 0.00248668 0.000135668 0.000581156 0 0 0 0 0 0.00101829 0 0 0 0 0 0
buttons = 0 1 0 0 0 0 0 0 0 1
sensors = 394.117 472.803 131.761 0.419087 0.16908 -9.80665 0.94 30.19 1766 7.735 -944
pidduties = 0 -0.0976562 0.177734 -0.0273438 -0.0878906 0.0273438 0.0136719 -0.0878906 0.232422 -0.0546875 -0.078125 0.0410156 0.0625 -0.0195312 -0.0625 -0.0136719 0.0195312 0.0117188
#END
