#POS
condensed ERS-7
meta-info = 298961 36259
outputs = -0.98738 -0.113825 2.18869 -1.01575 -0.125208 2.1502 -0.311229 -0.239033 2.17356 -0.370583 -0.216268 2.17785 -0.088301 -0.818989 -0.323208 0.084034 0.812955 -0.066322 0 0 0 0 0 0 0 0.444445 0 0.444445 0 0 6.95216e-07 0.507984 2.97013e-06 0.429839 0.19702 0 0 0 0 0 0.000562489 0 0 0 0 0 0
buttons = 0 1 0 0 0 0 0 0 0 1
sensors = 136.734 200 132.075 0.251452 0.16908 -9.80665 0.94 30.19 1766 7.735 -944
pidduties = 0 -0.0976562 0.177734 -0.0683594 -0.0878906 0.0273438 0.0410156 -0.0878906 0.177734 -0.0546875 -0.078125 0.0410156 0.0625 -0.0195312 -0.0820312 -0.00976562 -0.00390625 0.00390625
#END
