#POS
condensed ERS-7
meta-info = 297265 36047
outputs = -0.981644 -0.113825 2.18869 -1.01575 -0.125208 2.1502 -0.305127 -0.239033 2.17356 -0.370583 -0.210577 2.17785 -0.088301 -0.815283 -0.329672 0.084034 0.812955 -0.066322 0 0 0 0 0 0 0 0.444445 0 0.444445 0 0 0.0135201 0.428625 0.0577613 0.53117 0.26656 0 0 0 0 0 0.0763256 0 0 0 0 0 0
buttons = 0 1 0 0 0 0 0 0 0 1
sensors = 174.782 200 132.389 0.419087 0.16908 -9.80665 0.93 30.24 1766 7.701 -1019
pidduties = -0.0273438 -0.107422 0.177734 -0.0683594 -0.0878906 0.0273438 0.0136719 -0.0878906 0.205078 -0.0546875 -0.0976562 0.0410156 0.0625 -0.03125 -0.0703125 0 0.00585938 0.0117188
#END
