#POS
condensed ERS-7
meta-info = 296914 36003
outputs = -0.98738 -0.113825 2.18869 -1.01575 -0.125208 2.1502 -0.299024 -0.239033 2.17894 -0.370583 -0.216268 2.17785 -0.09382 -0.818989 -0.336136 0.084034 0.812955 -0.066322 0 0 0 0 0 0 0 0.444445 0 0.444445 0 0 0.104984 0.428572 0.665438 3.92729e-06 0.0519155 0 0 0 0 0 0.149579 0 0 0 0 0 0
buttons = 0 1 0 0 0 0 0 0 0 1
sensors = 131.372 200 132.389 0.419087 0.33816 -9.80665 0.94 30.19 1766 7.735 -944
pidduties = 0 -0.0976562 0.177734 -0.0683594 -0.0878906 0.0273438 0 -0.0976562 0.191406 -0.0546875 -0.078125 0.0410156 0.0722656 -0.0195312 -0.0664062 -0.00976562 -0.00390625 0.0117188
#END
