#POS
condensed ERS-7
meta-info = 298705 36227
outputs = -0.993116 -0.119516 2.18869 -1.01575 -0.125208 2.1502 -0.305127 -0.239033 2.17356 -0.370583 -0.216268 2.17785 -0.082782 -0.815283 -0.336136 0.084034 0.799176 -0.070744 0 0 0 0 0 0 0 0.444445 0 0.444445 0 0 3.0867e-06 0.884735 1.31871e-05 0.171013 5.6612e-05 0 0 0 0 0 0.0399232 0 0 0 0 0 0
buttons = 0 1 0 0 0 0 0 0 0 1
sensors = 134 200 131.761 0.419087 0.16908 -9.80665 0.93 30.24 1766 7.701 -1019
pidduties = 0.0136719 -0.0878906 0.177734 -0.0683594 -0.0878906 0.0273438 0.0136719 -0.0976562 0.150391 -0.0546875 -0.078125 0.0410156 0.0527344 -0.03125 -0.0625 0 0.0195312 0.0234375
#END
