#POS
condensed ERS-7
meta-info = 299314 36303
outputs = -0.98738 -0.119516 2.18869 -1.02125 -0.125208 2.1502 -0.305127 -0.239033 2.17356 -0.37656 -0.216268 2.17785 -0.088301 -0.818989 -0.336136 0.084034 0.812955 -0.066322 0 0 0 0 0 0 0 0.444445 0 0.444445 0 0 0.00079419 0.438798 0.827518 0.0436953 0.190501 0 0 0 0 0 0.0907028 0 0 0 0 0 0
buttons = 0 1 0 0 0 0 0 0 0 1
sensors = 123.312 200 132.075 0.419087 0.16908 -9.80665 0.94 30.19 1766 7.735 -944
pidduties = 0 -0.0878906 0.177734 -0.0546875 -0.0878906 0.0273438 0.0136719 -0.0976562 0.205078 -0.0410156 -0.078125 0.0410156 0.0625 -0.0195312 -0.0664062 0 0.00585938 0.0117188
#END
