#POS
condensed ERS-7
meta-info = 295761 35859
outputs = -0.98738 -0.113825 2.18869 -1.02125 -0.125208 2.1502 -0.292922 -0.239033 2.17356 -0.358629 -0.216268 2.17785 -0.088301 -0.818989 -0.329672 0.078031 0.812955 -0.066322 0 0 0 0 0 0 0 0.444445 0 0.444445 0 0 0.275223 0.429325 0.0590032 0.00321575 0.0138028 0 0 0 0 0 0.130025 0 0 0 0 0 0
buttons = 0 1 0 0 0 0 0 0 0 1
sensors = 153.435 200 132.075 0.419087 0.16908 -9.80665 0.94 30.19 1766 7.735 -944
pidduties = 0 -0.0976562 0.177734 -0.0410156 -0.0878906 0.0273438 -0.0273438 -0.0976562 0.232422 -0.0820312 -0.078125 0.0410156 0.0625 -0.0195312 -0.0703125 0.015625 0.00585938 0.0117188
#END
