#POS
condensed ERS-7
meta-info = 293170 35535
outputs = -0.98738 -0.113825 2.18869 -1.02125 -0.125208 2.1502 -0.299024 -0.239033 2.17894 -0.370583 -0.216268 2.17785 -0.088301 -0.818989 -0.336136 0.078031 0.799176 -0.070744 0 0 0 0 0 0 0 0.444445 0 0.444445 0 0 0.0236484 0.428572 0.10062 0.0627546 0.633747 0 0 0 0 0 0.109293 0 0 0 0 0 0
buttons = 0 1 0 0 0 0 0 0 0 1
sensors = 394.117 476.793 132.704 0.251452 0.33816 -9.47422 0.94 30.19 1766 7.735 -944
pidduties = 0 -0.0976562 0.177734 -0.0546875 -0.0878906 0.0273438 0 -0.0976562 0.205078 -0.0546875 -0.078125 0.0410156 0.0683594 -0.0195312 -0.0664062 0.015625 0.0195312 0.0234375
#END
