#POS
condensed ERS-7
meta-info = 298418 36191
outputs = -0.98738 -0.113825 2.18869 -1.02676 -0.125208 2.1502 -0.305127 -0.239033 2.17356 -0.370583 -0.216268 2.17785 -0.071744 -0.818989 -0.329672 0.084034 0.799176 -0.066322 0 0 0 0 0 0 0 0.444445 0 0.444445 0 0 1.65117e-05 0.49311 7.0542e-05 0.00129209 0.000302835 0 0 0 0 0 0.132365 0 0 0 0 0 0
buttons = 0 1 0 0 0 0 0 0 0 1
sensors = 112.921 200 133.962 0.419087 0.33816 -9.80665 0.93 30.24 1766 7.701 -1019
pidduties = 0 -0.107422 0.177734 -0.0273438 -0.0976562 0.0273438 0.0136719 -0.0878906 0.205078 -0.0546875 -0.078125 0.0410156 0.0332031 -0.0195312 -0.0742188 -0.00976562 0.0195312 0.0117188
#END
