#POS
condensed ERS-7
meta-info = 292433 35443
outputs = -0.98738 -0.119516 2.18869 -1.01575 -0.125208 2.1502 -0.299024 -0.239033 2.17894 -0.37656 -0.216268 2.17785 -0.088301 -0.818989 -0.329672 0.084034 0.812955 -0.066322 0 0 0 0 0 0 0 0.444445 0 0.444445 0 0 0.100398 0.428587 0.00118013 6.43858e-05 0.000275807 0 0 0 0 0 0.0210686 0 0 0 0 0 0
buttons = 0 1 0 0 0 0 0 0 0 1
sensors = 386.538 472.803 132.075 0.419087 0.33816 -9.64044 0.94 30.19 1766 7.735 -944
pidduties = 0 -0.078125 0.177734 -0.0683594 -0.0878906 0.0273438 0 -0.0878906 0.136719 -0.0410156 -0.078125 0.0410156 0.0683594 -0.0195312 -0.0703125 -0.00390625 0.00585938 0.00390625
#END
