#POS
condensed ERS-7
meta-info = 294065 35647
outputs = -0.98738 -0.119516 2.18311 -1.01575 -0.125208 2.1502 -0.305127 -0.244725 2.17356 -0.370583 -0.210577 2.17785 -0.09382 -0.818989 -0.336136 0.078031 0.799176 -0.070744 0 0 0 0 0 0 0 0.444445 0 0.444445 0 0 0.00012823 0.471787 0.000545594 0.0100555 0.00235295 0 0 0 0 0 0.117773 0 0 0 0 0 0
buttons = 0 1 0 0 0 0 0 0 0 1
sensors = 319.047 318.309 132.075 0.419087 0.16908 -9.80665 0.94 30.19 1766 7.735 -944
pidduties = 0 -0.0878906 0.205078 -0.0683594 -0.0878906 0.0273438 0.0136719 -0.078125 0.205078 -0.0546875 -0.0976562 0.0410156 0.078125 -0.0195312 -0.0625 0.015625 0.0195312 0.0234375
#END
