#POS
condensed ERS-7
meta-info = 295922 35879
outputs = -0.98738 -0.113825 2.18869 -1.03776 -0.125208 2.1502 -0.305127 -0.239033 2.17356 -0.370583 -0.216268 2.17785 -0.088301 -0.818989 -0.329672 0.078031 0.799176 -0.066322 0 0 0 0 0 0 0 0.444445 0 0.444445 0 0 0.100008 0.428868 0.0232416 0.0012667 0.00543699 0 0 0 0 0 0.0798575 0 0 0 0 0 0
buttons = 0 1 0 0 0 0 0 0 0 1
sensors = 254.43 236.897 132.075 0.419087 0 -9.80665 0.93 30.24 1766 7.701 -1019
pidduties = 0 -0.0976562 0.177734 0 -0.0878906 0.0273438 0.0273438 -0.0878906 0.150391 -0.0683594 -0.078125 0.0410156 0.0625 -0.0195312 -0.0703125 0.00585938 0.0195312 0.0117188
#END
