#POS
condensed ERS-7
meta-info = 294833 35743
outputs = -0.993116 -0.119516 2.18869 -1.02676 -0.125208 2.1502 -0.305127 -0.244725 2.17356 -0.37656 -0.216268 2.17785 -0.088301 -0.818989 -0.329672 0.072029 0.812955 -0.066322 0 0 0 0 0 0 0 0.444445 0 0.444445 0 0 1.46508e-06 0.597002 6.23367e-06 0.887284 0.00216286 0 0 0 0 0 0.00866675 0 0 0 0 0 0
buttons = 0 1 0 0 0 0 0 0 0 1
sensors = 410.204 768.707 131.761 0.251452 0.16908 -9.80665 0.94 30.19 1766 7.735 -944
pidduties = 0.0136719 -0.0878906 0.177734 -0.0273438 -0.0878906 0.0273438 0.0136719 -0.078125 0.21875 -0.0410156 -0.078125 0.0410156 0.0625 -0.0117188 -0.0742188 0.0195312 0.00585938 0.00390625
#END
