#POS
condensed ERS-7
meta-info = 297457 36071
outputs = -0.98738 -0.119516 2.18869 -1.02125 -0.125208 2.1502 -0.305127 -0.239033 2.17356 -0.370583 -0.216268 2.17785 -0.088301 -0.815283 -0.336136 0.078031 0.799176 -0.070744 0 0 0 0 0 0 0 0.444445 0 0.444445 0 0 0.00442028 0.615688 0.0188845 0.439574 0.0810706 0 0 0 0 0 0.016402 0 0 0 0 0 0
buttons = 0 1 0 0 0 0 0 0 0 1
sensors = 186.111 216.061 133.333 0.419087 0.16908 -9.80665 0.93 30.24 1766 7.701 -1019
pidduties = 0 -0.0878906 0.177734 -0.0546875 -0.0878906 0.0273438 0.0273438 -0.0878906 0.21875 -0.0683594 -0.078125 0.0410156 0.078125 -0.03125 -0.0664062 0.00585938 0.0195312 0.015625
#END
