#POS
condensed ERS-7
meta-info = 299889 36375
outputs = -0.98738 -0.119516 2.18869 -1.02125 -0.125208 2.1502 -0.305127 -0.239033 2.17894 -0.370583 -0.210577 2.17785 -0.088301 -0.818989 -0.336136 0.084034 0.799176 -0.066322 0 0 0 0 0 0 0 0.444445 0 0.444445 0 0 0.120124 0.428929 0.0280571 0.001527 0.00655984 0 0 0 0 0 0.0910484 0 0 0 0 0 0
buttons = 0 1 0 0 0 0 0 0 0 1
sensors = 248.148 311.294 132.075 0.419087 0.16908 -9.97286 0.93 30.25 1766 7.68 -1086
pidduties = 0 -0.0878906 0.177734 -0.0546875 -0.0878906 0.0273438 0.0136719 -0.0976562 0.150391 -0.0546875 -0.0878906 0.0410156 0.0625 -0.0195312 -0.0625 0 0.0195312 0.00390625
#END
