#POS
condensed ERS-7
meta-info = 293713 35603
outputs = -0.981644 -0.113825 2.18869 -1.02676 -0.125208 2.1502 -0.305127 -0.239033 2.17356 -0.370583 -0.216268 2.17785 -0.082782 -0.818989 -0.329672 0.078031 0.799176 -0.066322 0 0 0 0 0 0 0 0.444445 0 0.444445 0 0 0.000995701 0.850222 0.00423653 0.0780809 0.0182706 0 0 0 0 0 0.00985745 0 0 0 0 0 0
buttons = 0 1 0 0 0 0 0 0 0 1
sensors = 386.538 468.879 132.075 0.251452 0.16908 -9.80665 0.93 30.24 1766 7.701 -1019
pidduties = -0.0136719 -0.0976562 0.177734 -0.0273438 -0.0878906 0.0273438 0.0273438 -0.0878906 0.205078 -0.0546875 -0.078125 0.0410156 0.0527344 -0.0195312 -0.0703125 -0.00390625 0.0195312 0.00390625
#END
