#POS
condensed ERS-7
meta-info = 293138 35531
outputs = -0.98738 -0.113825 2.18869 -1.02125 -0.125208 2.1502 -0.305127 -0.239033 2.17356 -0.370583 -0.216268 2.17785 -0.082782 -0.818989 -0.329672 0.084034 0.812955 -0.066322 0 0 0 0 0 0 0 0.444445 0 0.444445 0 0 0.028492 0.428572 0.121292 0.0210261 0.795184 0 0 0 0 0 0.118926 0 0 0 0 0 0
buttons = 0 1 0 0 0 0 0 0 0 1
sensors = 394.117 476.793 132.075 0.419087 0.16908 -9.80665 0.93 30.24 1766 7.701 -1019
pidduties = 0 -0.0976562 0.177734 -0.0546875 -0.0878906 0.0273438 0.0136719 -0.0878906 0.21875 -0.0546875 -0.078125 0.0410156 0.0527344 -0.0195312 -0.0703125 0 0.00585938 0.0117188
#END
