#POS
condensed ERS-7
meta-info = 298257 36171
outputs = -0.98738 -0.113825 2.18869 -1.01575 -0.125208 2.1502 -0.305127 -0.239033 2.17356 -0.370583 -0.210577 2.17785 -0.088301 -0.818989 -0.329672 0.078031 0.812955 -0.066322 0 0 0 0 0 0 0 0.444445 0 0.444445 0 0 4.19181e-05 0.442756 0.000179084 0.00328022 0.000768803 0 0 0 0 0 0.14989 0 0 0 0 0 0
buttons = 0 1 0 0 0 0 0 0 0 1
sensors = 189.622 200 133.647 0.419087 0 -9.64044 0.94 30.19 1766 7.735 -944
pidduties = 0 -0.107422 0.177734 -0.0683594 -0.0878906 0.0273438 0.0136719 -0.0878906 0.164062 -0.0683594 -0.0878906 0.0410156 0.0683594 -0.0195312 -0.0664062 0.015625 -0.00390625 0.00390625
#END
