#POS
condensed ERS-7
meta-info = 297842 36119
outputs = -0.975908 -0.119516 2.18869 -1.02676 -0.125208 2.1502 -0.305127 -0.239033 2.17356 -0.370583 -0.210577 2.17785 -0.082782 -0.815283 -0.336136 0.078031 0.812955 -0.070744 0 0 0 0 0 0 0 0.444445 0 0.444445 0 0 0.000472484 0.588829 0.00201856 0.0369732 0.00866563 0 0 0 0 0 0.0427662 0 0 0 0 0 0
buttons = 0 1 0 0 0 0 0 0 0 1
sensors = 211.578 257.403 131.761 0.251452 0.16908 -9.80665 0.93 30.24 1766 7.701 -1019
pidduties = -0.0410156 -0.0878906 0.177734 -0.0273438 -0.0878906 0.0273438 0.0136719 -0.0976562 0.21875 -0.0683594 -0.0878906 0.0410156 0.0527344 -0.03125 -0.0625 0.00585938 0.00585938 0.03125
#END
