#POS
condensed ERS-7
meta-info = 296050 35895
outputs = -0.98738 -0.119516 2.17753 -1.02125 -0.125208 2.1502 -0.305127 -0.244725 2.17356 -0.370583 -0.210577 2.17785 -0.077263 -0.815283 -0.329672 0.084034 0.812955 -0.070744 0 0 0 0 0 0 0 0.444445 0 0.444445 0 0 0.0474622 0.428712 0.0110301 0.000601153 0.00258031 0 0 0 0 0 0.0368386 0 0 0 0 0 0
buttons = 0 1 0 0 0 0 0 0 0 1
sensors = 211.578 256.235 132.389 0.419087 0.16908 -9.80665 0.94 30.19 1766 7.735 -944
pidduties = 0 -0.0878906 0.21875 -0.0546875 -0.0878906 0.0273438 0.0136719 -0.078125 0.205078 -0.0546875 -0.0976562 0.0410156 0.0488281 -0.03125 -0.0703125 0 0.00585938 0.0234375
#END
