#POS
condensed ERS-7
meta-info = 293938 35631
outputs = -0.98738 -0.113825 2.18869 -1.01575 -0.125208 2.1502 -0.305127 -0.239033 2.17894 -0.370583 -0.210577 2.17785 -0.082782 -0.818989 -0.336136 0.084034 0.799176 -0.061901 0 0 0 0 0 0 0 0.444445 0 0.444445 0 0 0.000270194 0.519631 0.00114963 0.0211881 0.00495793 0 0 0 0 0 0.0752651 0 0 0 0 0 0
buttons = 0 1 0 0 0 0 0 0 0 1
sensors = 401.999 368.078 132.075 0.419087 0.16908 -9.97286 0.94 30.19 1766 7.735 -944
pidduties = 0 -0.0976562 0.177734 -0.0683594 -0.0878906 0.0273438 0.0136719 -0.0878906 0.136719 -0.0546875 -0.0878906 0.0410156 0.0527344 -0.0195312 -0.0625 -0.00976562 0.0195312 0
#END
