#POS
condensed ERS-7
meta-info = 294737 35731
outputs = -0.98738 -0.113825 2.18869 -1.02676 -0.125208 2.1502 -0.299024 -0.239033 2.17356 -0.37656 -0.216268 2.17785 -0.088301 -0.818989 -0.323208 0.084034 0.812955 -0.070744 0 0 0 0 0 0 0 0.444445 0 0.444445 0 0 2.56229e-06 0.766728 1.09021e-05 0.339651 4.70167e-05 0 0 0 0 0 0.0306448 0 0 0 0 0 0
buttons = 0 1 0 0 0 0 0 0 0 1
sensors = 446.666 768.707 132.075 0.419087 0.16908 -9.80665 0.94 30.19 1766 7.735 -944
pidduties = 0 -0.0976562 0.177734 -0.0410156 -0.0878906 0.0273438 0 -0.0878906 0.205078 -0.0410156 -0.078125 0.0410156 0.0625 -0.0195312 -0.078125 -0.00976562 0.00585938 0.015625
#END
