#POS
condensed ERS-7
meta-info = 294257 35671
outputs = -0.98738 -0.113825 2.18869 -1.01575 -0.125208 2.14467 -0.305127 -0.244725 2.17356 -0.37656 -0.216268 2.17785 -0.088301 -0.818989 -0.336136 0.072029 0.799176 -0.070744 0 0 0 0 0 0 0 0.444445 0 0.444445 0 0 4.19234e-05 0.442735 0.000178377 0.00328755 0.000769274 0 0 0 0 0 0.14989 0 0 0 0 0 0
buttons = 0 1 0 0 0 0 0 0 0 1
sensors = 182.727 200 132.389 0.419087 0.16908 -9.80665 0.94 30.19 1766 7.735 -944
pidduties = 0 -0.0976562 0.177734 -0.0683594 -0.0878906 0.0546875 0.0136719 -0.078125 0.205078 -0.0410156 -0.078125 0.0410156 0.0625 -0.0195312 -0.0625 0.0292969 0.0195312 0.0234375
#END
