#POS
condensed ERS-7
meta-info = 292753 35483
outputs = -0.98738 -0.113825 2.18869 -1.01575 -0.125208 2.1502 -0.305127 -0.244725 2.17894 -0.370583 -0.210577 2.17785 -0.088301 -0.818989 -0.336136 0.078031 0.812955 -0.070744 0 0 0 0 0 0 0 0.444445 0 0.444445 0 0 0.294385 0.428574 0.446423 9.99012e-06 4.27943e-05 0 0 0 0 0 0.123651 0 0 0 0 0 0
buttons = 0 1 0 0 0 0 0 0 0 1
sensors = 394.117 472.803 133.647 0.419087 0.16908 -9.97286 0.93 30.24 1766 7.701 -1019
pidduties = 0 -0.0976562 0.177734 -0.0683594 -0.0878906 0.0273438 0.0136719 -0.078125 0.191406 -0.0546875 -0.0976562 0.0410156 0.0683594 -0.0195312 -0.0664062 0.00976562 0.00585938 0.0234375
#END
