#POS
condensed ERS-7
meta-info = 293265 35547
outputs = -0.98738 -0.113825 2.18311 -1.02676 -0.125208 2.1502 -0.305127 -0.244725 2.17356 -0.37656 -0.210577 2.17785 -0.082782 -0.818989 -0.329672 0.072029 0.812955 -0.070744 0 0 0 0 0 0 0 0.444445 0 0.444445 0 0 0.0135218 0.428625 0.0575331 0.53117 0.2668 0 0 0 0 0 0.0766791 0 0 0 0 0 0
buttons = 0 1 0 0 0 0 0 0 0 1
sensors = 410.204 476.793 132.389 0.419087 0.16908 -9.80665 0.94 30.19 1766 7.735 -944
pidduties = 0 -0.0976562 0.205078 -0.0410156 -0.0878906 0.0273438 0.0136719 -0.078125 0.232422 -0.0410156 -0.0976562 0.0410156 0.0527344 -0.0195312 -0.0703125 0.0292969 -0.00390625 0.015625
#END
