#POS
condensed ERS-7
meta-info = 298066 36147
outputs = -0.98738 -0.119516 2.18869 -1.01575 -0.125208 2.1502 -0.299024 -0.239033 2.17894 -0.37656 -0.210577 2.17785 -0.082782 -0.818989 -0.336136 0.084034 0.799176 -0.070744 0 0 0 0 0 0 0 0.444445 0 0.444445 0 0 0.000128213 0.471855 0.000547758 0.0100331 0.00235151 0 0 0 0 0 0.118062 0 0 0 0 0 0
buttons = 0 1 0 0 0 0 0 0 0 1
sensors = 220.879 249.448 132.075 0.251452 0.16908 -9.80665 0.94 30.19 1766 7.735 -944
pidduties = 0 -0.0878906 0.177734 -0.0683594 -0.0878906 0.0273438 0 -0.0976562 0.191406 -0.0410156 -0.0976562 0.0410156 0.0585938 -0.0195312 -0.0664062 -0.00976562 0.0195312 0.015625
#END
