#POS
condensed ERS-7
meta-info = 292370 35435
outputs = -0.98738 -0.113825 2.18869 -1.02125 -0.125208 2.1502 -0.299024 -0.239033 2.16281 -0.370583 -0.216268 2.17785 -0.088301 -0.818989 -0.329672 0.084034 0.812955 -0.066322 0 0 0 0 0 0 0 0.444445 0 0.444445 0 0 0.0177774 0.428593 0.00171307 9.34617e-05 0.000400358 0 0 0 0 0 0.00801873 0 0 0 0 0 0
buttons = 0 1 0 0 0 0 0 0 0 1
sensors = 386.538 476.793 133.962 0.419087 0.16908 -9.80665 0.93 30.24 1766 7.701 -1019
pidduties = 0 -0.107422 0.177734 -0.0546875 -0.0878906 0.0273438 0 -0.0878906 0.205078 -0.0546875 -0.078125 0.0410156 0.0625 -0.0195312 -0.0703125 -0.0136719 -0.00390625 0.0117188
#END
