#POS
condensed ERS-7
meta-info = 299025 36267
outputs = -0.98738 -0.113825 2.18869 -1.02125 -0.125208 2.1502 -0.305127 -0.239033 2.17356 -0.370583 -0.216268 2.17785 -0.082782 -0.818989 -0.329672 0.084034 0.812955 -0.070744 0 0 0 0 0 0 0 0.444445 0 0.444445 0 0 4.78934e-07 0.483278 0.000104587 0.246265 0.607582 0 0 0 0 0 0.00679427 0 0 0 0 0 0
buttons = 0 1 0 0 0 0 0 0 0 1
sensors = 125.625 200 132.075 0.419087 0.16908 -9.80665 0.94 30.19 1766 7.735 -944
pidduties = 0 -0.0976562 0.177734 -0.0546875 -0.0878906 0.0273438 0.0273438 -0.0878906 0.150391 -0.0683594 -0.078125 0.0410156 0.0585938 -0.0195312 -0.0742188 -0.00976562 0.00585938 0.0234375
#END
