#POS
condensed ERS-7
meta-info = 300178 36411
outputs = -0.981644 -0.113825 2.18869 -1.02125 -0.125208 2.1502 -0.305127 -0.239033 2.17356 -0.370583 -0.216268 2.17785 -0.088301 -0.818989 -0.329672 0.084034 0.799176 -0.066322 0 0 0 0 0 0 0 0.444445 0 0.444445 0 0 0.0224455 0.428638 0.005245 0.000285458 0.0012263 0 0 0 0 0 0.00679427 0 0 0 0 0 0
buttons = 0 1 0 0 0 0 0 0 0 1
sensors = 346.551 748.344 133.647 0.419087 0.16908 -9.80665 0.93 30.25 1766 7.68 -1086
pidduties = -0.0136719 -0.0976562 0.177734 -0.0546875 -0.0878906 0.0273438 0.0136719 -0.0878906 0.205078 -0.0546875 -0.078125 0.0410156 0.0683594 -0.0195312 -0.0703125 0 0.00976562 0.0117188
#END
