#POS
condensed ERS-7
meta-info = 294097 35651
outputs = -0.98738 -0.113825 2.18869 -1.02125 -0.125208 2.1502 -0.305127 -0.239033 2.17356 -0.370583 -0.210577 2.17785 -0.088301 -0.818989 -0.323208 0.084034 0.799176 -0.070744 0 0 0 0 0 0 0 0.444445 0 0.444445 0 0 0.000106431 0.46444 0.000452843 0.00834606 0.00195295 0 0 0 0 0 0.126544 0 0 0 0 0 0
buttons = 0 1 0 0 0 0 0 0 0 1
sensors = 209.375 318.309 132.075 0.419087 0.33816 -9.80665 0.93 30.24 1766 7.701 -1019
pidduties = 0 -0.0976562 0.177734 -0.0546875 -0.0878906 0.0273438 0.0136719 -0.0976562 0.205078 -0.0546875 -0.0878906 0.0410156 0.0683594 -0.0195312 -0.078125 -0.00976562 0.00976562 0.0234375
#END
