#POS
condensed ERS-7
meta-info = 294129 35655
outputs = -0.98738 -0.113825 2.18869 -1.02125 -0.125208 2.1502 -0.299024 -0.239033 2.17356 -0.370583 -0.216268 2.17785 -0.082782 -0.815283 -0.336136 0.078031 0.812955 -0.066322 0 0 0 0 0 0 0 0.444445 0 0.444445 0 0 8.83373e-05 0.458343 0.00037586 0.00692723 0.00162095 0 0 0 0 0 0.134145 0 0 0 0 0 0
buttons = 0 1 0 0 0 0 0 0 0 1
sensors = 209.375 256.235 133.333 0.586722 0 -9.80665 0.94 30.19 1766 7.735 -944
pidduties = 0 -0.0976562 0.177734 -0.0546875 -0.0878906 0.0273438 0 -0.0878906 0.205078 -0.0546875 -0.078125 0.0410156 0.0527344 -0.03125 -0.0664062 -0.00390625 0.00585938 0.0117188
#END
