#POS
condensed ERS-7
meta-info = 300146 36407
outputs = -0.981644 -0.113825 2.18869 -1.02125 -0.125208 2.1502 -0.305127 -0.239033 2.17894 -0.370583 -0.216268 2.17785 -0.088301 -0.818989 -0.329672 0.084034 0.812955 -0.066322 0 0 0 0 0 0 0 0.444445 0 0.444445 0 0 0.0270428 0.428652 0.00631927 0.000343926 0.00147747 0 0 0 0 0 0.0122558 0 0 0 0 0 0
buttons = 0 1 0 0 0 0 0 0 0 1
sensors = 346.551 748.344 132.389 0.419087 0.33816 -9.80665 0.93 30.24 1766 7.701 -1019
pidduties = -0.0273438 -0.0976562 0.177734 -0.0546875 -0.0878906 0.0273438 0.0136719 -0.0976562 0.191406 -0.0546875 -0.078125 0.0410156 0.0683594 -0.0195312 -0.0742188 -0.00976562 -0.00390625 0.0117188
#END
