#POS
condensed ERS-7
meta-info = 299921 36379
outputs = -0.98738 -0.113825 2.18869 -1.02125 -0.125208 2.1502 -0.305127 -0.239033 2.17356 -0.37656 -0.216268 2.17785 -0.082782 -0.815283 -0.336136 0.078031 0.799176 -0.066322 0 0 0 0 0 0 0 0.444445 0 0.444445 0 0 0.0996564 0.428868 0.0232874 0.00126741 0.00544467 0 0 0 0 0 0.0798575 0 0 0 0 0 0
buttons = 0 1 0 0 0 0 0 0 0 1
sensors = 283.098 311.294 132.075 0.419087 0.16908 -9.80665 0.94 30.19 1766 7.735 -944
pidduties = 0 -0.0976562 0.177734 -0.0410156 -0.0878906 0.0273438 0.0136719 -0.0878906 0.150391 -0.0410156 -0.078125 0.0410156 0.0527344 -0.03125 -0.0625 0.015625 0.00976562 0.0117188
#END
