#POS
condensed ERS-7
meta-info = 295537 35831
outputs = -0.98738 -0.113825 2.18869 -1.01575 -0.125208 2.1502 -0.305127 -0.239033 2.17356 -0.370583 -0.210577 2.17785 -0.088301 -0.815283 -0.329672 0.078031 0.812955 -0.066322 0 0 0 0 0 0 0 0.444445 0 0.444445 0 0 0.684673 0.431347 0.225672 0.0118505 0.0508653 0 0 0 0 0 0.146454 0 0 0 0 0 0
buttons = 0 1 0 0 0 0 0 0 0 1
sensors = 144.604 200 132.075 0.419087 0 -9.80665 0.93 30.24 1766 7.701 -1019
pidduties = 0 -0.0976562 0.177734 -0.0683594 -0.0878906 0.0273438 0.0273438 -0.0878906 0.205078 -0.0546875 -0.0976562 0.0410156 0.0625 -0.03125 -0.0703125 0.00585938 0.00585938 0.00390625
#END
