#POS
condensed ERS-7
meta-info = 299986 36387
outputs = -0.981644 -0.113825 2.18869 -1.01575 -0.125208 2.1502 -0.305127 -0.239033 2.17356 -0.370583 -0.216268 2.17785 -0.088301 -0.815283 -0.329672 0.084034 0.799176 -0.066322 0 0 0 0 0 0 0 0.444445 0 0.444445 0 0 0.0686533 0.428776 0.0160427 0.00087312 0.00375083 0 0 0 0 0 0.0574014 0 0 0 0 0 0
buttons = 0 1 0 0 0 0 0 0 0 1
sensors = 283.098 352.024 132.075 0.586722 0.16908 -9.64044 0.93 30.25 1766 7.68 -1086
pidduties = -0.0136719 -0.0976562 0.177734 -0.0683594 -0.0878906 0.0273438 0.0136719 -0.0976562 0.205078 -0.0546875 -0.078125 0.0410156 0.0683594 -0.03125 -0.0703125 -0.00976562 0.00976562 0.00390625
#END
