#POS
condensed ERS-7
meta-info = 293233 35543
outputs = -0.98738 -0.113825 2.18869 -1.01575 -0.125208 2.1502 -0.305127 -0.239033 2.17356 -0.37656 -0.216268 2.17785 -0.071744 -0.818989 -0.336136 0.084034 0.812955 -0.066322 0 0 0 0 0 0 0 0.444445 0 0.444445 0 0 0.0162914 0.428572 0.069317 0.314748 0.350086 0 0 0 0 0 0.0879269 0 0 0 0 0 0
buttons = 0 1 0 0 0 0 0 0 0 1
sensors = 410.204 476.793 132.075 0.251452 0.16908 -9.80665 0.93 30.24 1766 7.701 -1019
pidduties = 0 -0.107422 0.177734 -0.0683594 -0.0878906 0.0273438 0.0136719 -0.0878906 0.232422 -0.0410156 -0.078125 0.0410156 0.0429688 -0.0195312 -0.0664062 0 0.00585938 0.0117188
#END
