#POS
condensed ERS-7
meta-info = 294225 35667
outputs = -0.98738 -0.113825 2.18869 -1.02676 -0.125208 2.1502 -0.305127 -0.239033 2.17356 -0.37656 -0.210577 2.17785 -0.088301 -0.818989 -0.323208 0.078031 0.812955 -0.070744 0 0 0 0 0 0 0 0.444445 0 0.444445 0 0 5.05101e-05 0.445594 0.000214912 0.0039609 0.000926836 0 0 0 0 0 0.148356 0 0 0 0 0 0
buttons = 0 1 0 0 0 0 0 0 0 1
sensors = 182.727 200 132.075 0.586722 0.16908 -9.80665 0.94 30.19 1766 7.735 -944
pidduties = 0 -0.107422 0.177734 -0.0273438 -0.0878906 0.0273438 0.0136719 -0.0878906 0.205078 -0.0410156 -0.0976562 0.0410156 0.0625 -0.0195312 -0.078125 0.015625 0.00585938 0.0234375
#END
