#POS
condensed ERS-7
meta-info = 300465 36447
outputs = -0.98738 -0.119516 2.18869 -1.01575 -0.125208 2.1502 -0.305127 -0.244725 2.17356 -0.370583 -0.216268 2.17785 -0.088301 -0.818989 -0.323208 0.084034 0.812955 -0.066322 0 0 0 0 0 0 0 0.444445 0 0.444445 0 0 0.220505 0.428584 0.0009805 5.33636e-05 0.000229244 0 0 0 0 0 0.0300767 0 0 0 0 0 0
buttons = 0 1 0 0 0 0 0 0 0 1
sensors = 500 758.389 132.075 0.419087 0.16908 -9.80665 0.93 30.25 1766 7.68 -1086
pidduties = 0 -0.0878906 0.177734 -0.0820312 -0.0878906 0.0273438 0.0136719 -0.078125 0.21875 -0.0546875 -0.078125 0.0410156 0.0683594 -0.0195312 -0.0820312 -0.00976562 -0.00390625 0.00390625
#END
