#POS
condensed ERS-7
meta-info = 300050 36395
outputs = -0.981644 -0.113825 2.18869 -1.02676 -0.125208 2.1502 -0.317332 -0.239033 2.17894 -0.358629 -0.210577 2.17785 -0.088301 -0.818989 -0.329672 0.078031 0.812955 -0.070744 0 0 0 0 0 0 0 0.444445 0 0.444445 0 0 0.0472952 0.428712 0.0110518 0.000601492 0.00258395 0 0 0 0 0 0.0365347 0 0 0 0 0 0
buttons = 0 1 0 0 0 0 0 0 0 1
sensors = 287.142 264.637 131.761 0.586722 0.16908 -9.80665 0.93 30.24 1766 7.701 -1019
pidduties = -0.0273438 -0.107422 0.177734 -0.0273438 -0.0878906 0.0273438 0.0546875 -0.0976562 0.191406 -0.0957031 -0.0976562 0.0410156 0.0683594 -0.0195312 -0.0703125 0.015625 0.00585938 0.0234375
#END
