#POS
condensed ERS-7
meta-info = 299218 36291
outputs = -0.98738 -0.113825 2.18869 -1.02676 -0.125208 2.1502 -0.305127 -0.239033 2.17894 -0.37656 -0.210577 2.17785 -0.082782 -0.815283 -0.336136 0.084034 0.812955 -0.070744 0 0 0 0 0 0 0 0.444445 0 0.444445 0 0 1.56583e-07 0.446457 0.225901 0.0764188 0.406373 0 0 0 0 0 0.0570579 0 0 0 0 0 0
buttons = 0 1 0 0 0 0 0 0 0 1
sensors = 128.846 200 131.761 0.419087 0.33816 -9.64044 0.94 30.19 1766 7.735 -944
pidduties = 0 -0.0976562 0.177734 -0.0273438 -0.0878906 0.0273438 0.0136719 -0.0976562 0.191406 -0.0410156 -0.0878906 0.0410156 0.0585938 -0.0234375 -0.0625 -0.00976562 -0.00390625 0.0234375
#END
