#POS
condensed ERS-7
meta-info = 300561 36459
outputs = -0.98738 -0.113825 2.18869 -1.02125 -0.125208 2.1502 -0.317332 -0.239033 2.17894 -0.370583 -0.210577 2.17785 -0.088301 -0.815283 -0.336136 0.078031 0.812955 -0.070744 0 0 0 0 0 0 0 0.444445 0 0.444445 0 0 0.82139 0.428579 0.00127665 3.05126e-05 0.000131079 0 0 0 0 0 0.0608561 0 0 0 0 0 0
buttons = 0 1 0 0 0 0 0 0 0 1
sensors = 446.666 768.707 132.075 0.419087 0.16908 -9.80665 0.93 30.25 1766 7.68 -1086
pidduties = 0 -0.0976562 0.177734 -0.0410156 -0.0878906 0.0273438 0.0546875 -0.0976562 0.21875 -0.0683594 -0.0976562 0.0410156 0.0625 -0.03125 -0.0625 0.00585938 0.00585938 0.0234375
#END
