#POS
condensed ERS-7
meta-info = 292881 35499
outputs = -0.98738 -0.113825 2.18869 -1.02125 -0.125208 2.1502 -0.305127 -0.239033 2.17356 -0.370583 -0.210577 2.17785 -0.082782 -0.818989 -0.329672 0.072029 0.799176 -0.066322 0 0 0 0 0 0 0 0.444445 0 0.444445 0 0 0.126587 0.428573 0.814134 4.74114e-06 0.0174228 0 0 0 0 0 0.147539 0 0 0 0 0 0
buttons = 0 1 0 0 0 0 0 0 0 1
sensors = 394.117 472.803 132.075 0.419087 0.16908 -9.80665 0.94 30.19 1766 7.735 -944
pidduties = 0 -0.0976562 0.177734 -0.0546875 -0.0878906 0.0273438 0.0273438 -0.0878906 0.232422 -0.0546875 -0.0976562 0.0410156 0.0527344 -0.0195312 -0.0703125 0.0195312 0.0195312 0.00390625
#END
