#POS
condensed ERS-7
meta-info = 293906 35627
outputs = -0.98738 -0.113825 2.18869 -1.01575 -0.125208 2.1502 -0.299024 -0.244725 2.17356 -0.370583 -0.216268 2.17785 -0.088301 -0.818989 -0.329672 0.084034 0.812955 -0.066322 0 0 0 0 0 0 0 0.444445 0 0.444445 0 0 0.000325535 0.538282 0.00138509 0.0255278 0.00597341 0 0 0 0 0 0.0643423 0 0 0 0 0 0
buttons = 0 1 0 0 0 0 0 0 0 1
sensors = 401.999 446.64 132.389 0.419087 0 -9.80665 0.93 30.24 1766 7.701 -1019
pidduties = 0 -0.0976562 0.177734 -0.0683594 -0.0878906 0.0273438 0 -0.078125 0.150391 -0.0546875 -0.078125 0.0410156 0.0625 -0.0195312 -0.0703125 0 0.00585938 0.0117188
#END
