#POS
condensed ERS-7
meta-info = 299505 36327
outputs = -0.98738 -0.113825 2.18311 -1.02676 -0.125208 2.1502 -0.305127 -0.239033 2.17356 -0.37656 -0.216268 2.17785 -0.088301 -0.815283 -0.336136 0.078031 0.812955 -0.070744 0 0 0 0 0 0 0 0.444445 0 0.444445 0 0 0.460113 0.431915 0.288686 0.0142857 0.06137 0 0 0 0 0 0.142374 0 0 0 0 0 0
buttons = 0 1 0 0 0 0 0 0 0 1
sensors = 203.03 202.146 132.075 0.251452 0.16908 -9.64044 0.94 30.19 1766 7.735 -944
pidduties = 0 -0.0976562 0.205078 -0.0410156 -0.0878906 0.0273438 0 -0.0878906 0.21875 -0.0410156 -0.078125 0.0410156 0.0625 -0.03125 -0.0625 0.00585938 0.00585938 0.0234375
#END
