#POS
condensed ERS-7
meta-info = 296786 35987
outputs = -0.98738 -0.113825 2.18869 -1.01575 -0.125208 2.1502 -0.317332 -0.239033 2.17356 -0.370583 -0.216268 2.17785 -0.088301 -0.818989 -0.329672 0.078031 0.812955 -0.061901 0 0 0 0 0 0 0 0.444445 0 0.444445 0 0 0.229744 0.428573 0.675818 8.27524e-06 0.000217334 0 0 0 0 0 0.132136 0 0 0 0 0 0
buttons = 0 1 0 0 0 0 0 0 0 1
sensors = 163.414 255.079 132.075 0.586722 0.16908 -9.97286 0.93 30.24 1766 7.701 -1019
pidduties = 0.0136719 -0.0976562 0.177734 -0.0683594 -0.0878906 0.0273438 0.0546875 -0.0878906 0.150391 -0.0683594 -0.078125 0.0410156 0.0683594 -0.0117188 -0.0703125 0.00585938 -0.00390625 -0.0078125
#END
