#POS
condensed ERS-7
meta-info = 299089 36275
outputs = -0.975908 -0.119516 2.18869 -1.02125 -0.125208 2.1502 -0.305127 -0.239033 2.17356 -0.37656 -0.210577 2.17785 -0.088301 -0.818989 -0.336136 0.078031 0.799176 -0.066322 0 0 0 0 0 0 0 0.444445 0 0.444445 0 0 3.29938e-07 0.466259 0.00283776 0.161851 0.895711 0 0 0 0 0 0.0189068 0 0 0 0 0 0
buttons = 0 1 0 0 0 0 0 0 0 1
sensors = 128.846 200 132.389 0.419087 0.16908 -9.64044 0.93 30.24 1766 7.701 -1019
pidduties = -0.0410156 -0.0878906 0.177734 -0.0546875 -0.0878906 0.0273438 0.0136719 -0.0878906 0.164062 -0.0410156 -0.0878906 0.0410156 0.0683594 -0.0195312 -0.0664062 0.00585938 0.00976562 0.0117188
#END
