#POS
condensed ERS-7
meta-info = 295665 35847
outputs = -0.98738 -0.119516 2.18869 -1.01575 -0.125208 2.1502 -0.299024 -0.239033 2.17894 -0.37656 -0.216268 2.17785 -0.088301 -0.818989 -0.329672 0.084034 0.812955 -0.070744 0 0 0 0 0 0 0 0.444445 0 0.444445 0 0 0.654732 0.429888 0.103191 0.00562403 0.0241398 0 0 0 0 0 0.146769 0 0 0 0 0 0
buttons = 0 1 0 0 0 0 0 0 0 1
sensors = 122.56 200 131.761 0.419087 0 -9.80665 0.94 30.19 1766 7.735 -944
pidduties = 0 -0.0878906 0.177734 -0.0683594 -0.0878906 0.0273438 0 -0.0976562 0.191406 -0.0410156 -0.078125 0.0410156 0.0683594 -0.0195312 -0.0742188 0 0.00585938 0.015625
#END
