#POS
condensed ERS-7
meta-info = 296369 35935
outputs = -0.98738 -0.113825 2.18869 -1.01575 -0.125208 2.1502 -0.299024 -0.239033 2.17356 -0.370583 -0.210577 2.17785 -0.082782 -0.818989 -0.336136 0.078031 0.812955 -0.070744 0 0 0 0 0 0 0 0.444445 0 0.444445 0 0 0.0177977 0.428593 0.00171143 9.32751e-05 0.000400361 0 0 0 0 0 0.0081785 0 0 0 0 0 0
buttons = 0 1 0 0 0 0 0 0 0 1
sensors = 427.659 748.344 132.075 0.251452 0.16908 -9.80665 0.94 30.19 1766 7.735 -944
pidduties = 0 -0.0976562 0.177734 -0.0683594 -0.0878906 0.0273438 0 -0.0878906 0.150391 -0.0546875 -0.0976562 0.0410156 0.0527344 -0.0195312 -0.0625 0.015625 -0.00390625 0.0234375
#END
