#POS
condensed ERS-7
meta-info = 292913 35503
outputs = -0.98738 -0.113825 2.18869 -1.01575 -0.125208 2.1502 -0.299024 -0.244725 2.17356 -0.370583 -0.216268 2.17785 -0.088301 -0.818989 -0.329672 0.078031 0.812955 -0.066322 0 0 0 0 0 0 0 0.444445 0 0.444445 0 0 0.104997 0.428572 0.663983 3.93515e-06 0.0520266 0 0 0 0 0 0.14954 0 0 0 0 0 0
buttons = 0 1 0 0 0 0 0 0 0 1
sensors = 394.117 472.803 133.647 0.419087 0.16908 -9.64044 0.94 30.19 1766 7.735 -944
pidduties = 0 -0.0976562 0.177734 -0.0683594 -0.0878906 0.0273438 0 -0.078125 0.21875 -0.0546875 -0.078125 0.0410156 0.0683594 -0.0195312 -0.0703125 0.00585938 -0.00390625 0.0117188
#END
