#POS
condensed ERS-7
meta-info = 299953 36383
outputs = -0.98738 -0.113825 2.18869 -1.02676 -0.125208 2.1502 -0.305127 -0.244725 2.17356 -0.370583 -0.210577 2.17785 -0.09382 -0.818989 -0.329672 0.078031 0.799176 -0.070744 0 0 0 0 0 0 0 0.444445 0 0.444445 0 0 0.0827148 0.428818 0.0193285 0.00105195 0.00451907 0 0 0 0 0 0.0682041 0 0 0 0 0 0
buttons = 0 1 0 0 0 0 0 0 0 1
sensors = 283.098 352.024 132.389 0.586722 0.16908 -9.80665 0.93 30.24 1766 7.701 -1019
pidduties = 0 -0.0976562 0.177734 -0.0410156 -0.0878906 0.0273438 0.0136719 -0.078125 0.205078 -0.0546875 -0.0976562 0.0410156 0.078125 -0.0195312 -0.0703125 0.00585938 0.00976562 0.0234375
#END
