#POS
condensed ERS-7
meta-info = 300306 36427
outputs = -0.975908 -0.119516 2.18869 -1.01575 -0.125208 2.1502 -0.305127 -0.239033 2.17356 -0.370583 -0.216268 2.17785 -0.088301 -0.815283 -0.336136 0.078031 0.812955 -0.070744 0 0 0 0 0 0 0 0.444445 0 0.444445 0 0 0.0112032 0.428603 0.00248919 0.000135474 0.00058198 0 0 0 0 0 0.00119987 0 0 0 0 0 0
buttons = 0 1 0 0 0 0 0 0 0 1
sensors = 446.666 748.344 133.647 0.586722 0 -9.80665 0.94 30.19 1766 7.735 -944
pidduties = -0.0410156 -0.0878906 0.177734 -0.0683594 -0.0878906 0.0273438 0.0136719 -0.0976562 0.21875 -0.0546875 -0.078125 0.0410156 0.0625 -0.03125 -0.0625 0.015625 -0.00390625 0.015625
#END
