#POS
condensed ERS-7
meta-info = 297873 36123
outputs = -0.993116 -0.119516 2.18869 -1.02676 -0.125208 2.1502 -0.305127 -0.239033 2.17356 -0.370583 -0.210577 2.17785 -0.088301 -0.818989 -0.329672 0.072029 0.812955 -0.070744 0 0 0 0 0 0 0 0.444445 0 0.444445 0 0 0.000392161 0.561105 0.00167541 0.0306878 0.00719248 0 0 0 0 0 0.053308 0 0 0 0 0 0
buttons = 0 1 0 0 0 0 0 0 0 1
sensors = 211.578 257.403 132.075 0.586722 -0.16908 -9.80665 0.94 30.19 1766 7.735 -944
pidduties = 0.0136719 -0.0878906 0.177734 -0.0410156 -0.0878906 0.0273438 0.0136719 -0.0878906 0.164062 -0.0546875 -0.0976562 0.0410156 0.0625 -0.0195312 -0.0703125 0.0292969 -0.0136719 0.015625
#END
