#POS
condensed ERS-7
meta-info = 292465 35447
outputs = -0.98738 -0.113825 2.18869 -1.02125 -0.125208 2.1502 -0.299024 -0.239033 2.17356 -0.37656 -0.210577 2.17785 -0.088301 -0.818989 -0.329672 0.084034 0.812955 -0.070744 0 0 0 0 0 0 0 0.444445 0 0.444445 0 0 0.220143 0.428584 0.000979512 5.34402e-05 0.00022892 0 0 0 0 0 0.0295125 0 0 0 0 0 0
buttons = 0 1 0 0 0 0 0 0 0 1
sensors = 386.538 472.803 132.075 0.419087 0.33816 -9.80665 0.93 30.24 1766 7.701 -1019
pidduties = 0 -0.0976562 0.177734 -0.0546875 -0.0878906 0.0273438 0 -0.0878906 0.123047 -0.0410156 -0.0976562 0.0410156 0.0683594 -0.0195312 -0.0703125 -0.00390625 0.00585938 0.0234375
#END
