#POS
condensed ERS-7
meta-info = 299761 36359
outputs = -0.98738 -0.113825 2.18869 -1.01575 -0.125208 2.1502 -0.305127 -0.239033 2.17356 -0.370583 -0.210577 2.17785 -0.088301 -0.818989 -0.329672 0.078031 0.799176 -0.066322 0 0 0 0 0 0 0 0.444445 0 0.444445 0 0 0.27433 0.429325 0.0591194 0.00321757 0.0138223 0 0 0 0 0 0.129784 0 0 0 0 0 0
buttons = 0 1 0 0 0 0 0 0 0 1
sensors = 254.43 299.734 132.075 0.419087 0.16908 -9.80665 0.93 30.24 1766 7.701 -1019
pidduties = 0 -0.0976562 0.177734 -0.0683594 -0.0878906 0.0273438 0.0273438 -0.0878906 0.21875 -0.0683594 -0.0976562 0.0410156 0.0683594 -0.0195312 -0.0703125 0.015625 0.0195312 0.0117188
#END
