#POS
condensed ERS-7
meta-info = 297425 36067
outputs = -0.98738 -0.113825 2.18869 -1.02676 -0.125208 2.1502 -0.299024 -0.239033 2.17356 -0.37656 -0.216268 2.17785 -0.088301 -0.818989 -0.329672 0.084034 0.812955 -0.070744 0 0 0 0 0 0 0 0.444445 0 0.444445 0 0 0.00532564 0.504001 0.0227524 0.601367 0.0976754 0 0 0 0 0 0.0246228 0 0 0 0 0 0
buttons = 0 1 0 0 0 0 0 0 0 1
sensors = 186.111 202.872 133.647 0.586722 0.16908 -9.80665 0.94 30.19 1766 7.735 -944
pidduties = 0 -0.107422 0.177734 -0.0273438 -0.0878906 0.0273438 0 -0.0878906 0.21875 -0.0410156 -0.078125 0.0410156 0.0625 -0.0195312 -0.0703125 0 -0.00390625 0.015625
#END
