#POS
condensed ERS-7
meta-info = 297329 36055
outputs = -0.981644 -0.113825 2.18869 -1.01575 -0.125208 2.1502 -0.305127 -0.239033 2.17356 -0.370583 -0.210577 2.17785 -0.088301 -0.818989 -0.336136 0.084034 0.812955 -0.070744 0 0 0 0 0 0 0 0.444445 0 0.444445 0 0 0.00931403 0.430336 0.0397917 0.879429 0.172159 0 0 0 0 0 0.0539857 0 0 0 0 0 0
buttons = 0 1 0 0 0 0 0 0 0 1
sensors = 176.315 200 131.446 0.419087 0.16908 -9.64044 0.94 30.19 1766 7.735 -944
pidduties = -0.0273438 -0.0976562 0.177734 -0.0683594 -0.0878906 0.0273438 0.0136719 -0.0976562 0.21875 -0.0683594 -0.0878906 0.0410156 0.0625 -0.0195312 -0.0625 0 -0.0234375 0.015625
#END
