#POS
condensed ERS-7
meta-info = 295410 35815
outputs = -0.98738 -0.113825 2.18869 -1.01575 -0.125208 2.1502 -0.305127 -0.239033 2.17356 -0.370583 -0.210577 2.17785 -0.088301 -0.818989 -0.329672 0.084034 0.799176 -0.066322 0 0 0 0 0 0 0 0.444445 0 0.444445 0 0 0.0455774 0.434419 0.685543 0.0249703 0.107179 0 0 0 0 0 0.120908 0 0 0 0 0 0
buttons = 0 1 0 0 0 0 0 0 0 1
sensors = 379.245 738.562 132.389 0.251452 0.16908 -9.97286 0.94 30.19 1766 7.735 -944
pidduties = 0 -0.107422 0.177734 -0.0683594 -0.0878906 0.0273438 0.0136719 -0.0878906 0.205078 -0.0546875 -0.0976562 0.0410156 0.0683594 -0.0195312 -0.0703125 -0.00976562 0.0195312 0.0117188
#END
