#POS
condensed ERS-7
meta-info = 300114 36403
outputs = -0.98738 -0.113825 2.18311 -1.02125 -0.125208 2.1502 -0.299024 -0.244725 2.17356 -0.370583 -0.204886 2.17785 -0.088301 -0.818989 -0.336136 0.078031 0.799176 -0.070744 0 0 0 0 0 0 0 0.444445 0 0.444445 0 0 0.0325817 0.428668 0.00761358 0.000414368 0.00178008 0 0 0 0 0 0.0191421 0 0 0 0 0 0
buttons = 0 1 0 0 0 0 0 0 0 1
sensors = 346.551 264.637 132.075 0.419087 0.16908 -9.97286 0.94 30.19 1766 7.735 -944
pidduties = 0 -0.0976562 0.205078 -0.0546875 -0.0878906 0.0273438 0 -0.078125 0.205078 -0.0546875 -0.107422 0.0410156 0.0683594 -0.0195312 -0.0625 0.015625 0.00976562 0.0234375
#END
