#POS
condensed ERS-7
meta-info = 297906 36127
outputs = -0.98738 -0.113825 2.18869 -1.02676 -0.125208 2.1502 -0.299024 -0.239033 2.17894 -0.370583 -0.210577 2.17785 -0.082782 -0.818989 -0.336136 0.084034 0.799176 -0.070744 0 0 0 0 0 0 0 0.444445 0 0.444445 0 0 0.000325494 0.538456 0.00139059 0.0254709 0.00596975 0 0 0 0 0 0.0643423 0 0 0 0 0 0
buttons = 0 1 0 0 0 0 0 0 0 1
sensors = 231.034 257.403 132.075 0.419087 0.16908 -9.64044 0.94 30.19 1766 7.735 -944
pidduties = 0 -0.0976562 0.177734 -0.0410156 -0.0878906 0.0273438 0 -0.0976562 0.150391 -0.0683594 -0.0976562 0.0410156 0.0527344 -0.0195312 -0.0664062 0 0.0195312 0.015625
#END
