#POS
condensed ERS-7
meta-info = 295121 35779
outputs = -0.98738 -0.113825 2.18869 -1.01575 -0.125208 2.1502 -0.305127 -0.239033 2.17356 -0.37656 -0.216268 2.17785 -0.088301 -0.815283 -0.323208 0.084034 0.812955 -0.066322 0 0 0 0 0 0 0 0.444445 0 0.444445 0 0 2.73883e-07 0.459852 0.0113063 0.133733 0.855414 0 0 0 0 0 0.0267533 0 0 0 0 0 0
buttons = 0 1 0 0 0 0 0 0 0 1
sensors = 446.666 768.707 132.075 0.251452 0.16908 -9.80665 0.94 30.19 1766 7.735 -944
pidduties = 0 -0.0976562 0.177734 -0.0683594 -0.0878906 0.0273438 0.0273438 -0.0878906 0.21875 -0.0410156 -0.078125 0.0410156 0.0625 -0.03125 -0.078125 -0.00976562 0.00585938 0.00390625
#END
