#POS
condensed ERS-7
meta-info = 299346 36307
outputs = -0.98738 -0.113825 2.18869 -1.02125 -0.125208 2.1502 -0.305127 -0.239033 2.17356 -0.370583 -0.210577 2.17785 -0.088301 -0.818989 -0.329672 0.078031 0.812955 -0.066322 0 0 0 0 0 0 0 0.444445 0 0.444445 0 0 0.00388846 0.43706 0.895179 0.0362671 0.15638 0 0 0 0 0 0.101875 0 0 0 0 0 0
buttons = 0 1 0 0 0 0 0 0 0 1
sensors = 123.312 200 132.075 0.251452 0.16908 -9.80665 0.94 30.19 1766 7.735 -944
pidduties = 0 -0.0976562 0.177734 -0.0410156 -0.0878906 0.0273438 0.0136719 -0.0878906 0.205078 -0.0546875 -0.0878906 0.0410156 0.0625 -0.0195312 -0.0742188 0.015625 -0.00390625 0.00390625
#END
