#POS
condensed ERS-7
meta-info = 298321 36179
outputs = -0.98738 -0.113825 2.18869 -1.02676 -0.125208 2.1502 -0.305127 -0.239033 2.17356 -0.370583 -0.216268 2.17785 -0.088301 -0.818989 -0.329672 0.084034 0.799176 -0.070744 0 0 0 0 0 0 0 0.444445 0 0.444445 0 0 2.88774e-05 0.439513 0.000123371 0.00225974 0.000529629 0 0 0 0 0 0.147715 0 0 0 0 0 0
buttons = 0 1 0 0 0 0 0 0 0 1
sensors = 147.794 200 132.075 0.419087 0.16908 -9.64044 0.93 30.24 1766 7.701 -1019
pidduties = 0 -0.0976562 0.177734 -0.0410156 -0.0878906 0.0273438 0.0136719 -0.0976562 0.177734 -0.0546875 -0.078125 0.0410156 0.0683594 -0.0195312 -0.0703125 0 0.00976562 0.0234375
#END
