#POS
condensed ERS-7
meta-info = 300337 36431
outputs = -0.98738 -0.113825 2.18311 -1.02125 -0.125208 2.1502 -0.317332 -0.239033 2.17356 -0.370583 -0.210577 2.17785 -0.088301 -0.818989 -0.336136 0.084034 0.812955 -0.070744 0 0 0 0 0 0 0 0.444445 0 0.444445 0 0 0.0114235 0.428598 0.00206602 0.000112443 0.000483044 0 0 0 0 0 0.00393185 0 0 0 0 0 0
buttons = 0 1 0 0 0 0 0 0 0 1
sensors = 446.666 748.344 133.333 0.419087 0.16908 -9.97286 0.93 30.24 1766 7.701 -1019
pidduties = 0 -0.0976562 0.205078 -0.0546875 -0.0878906 0.0273438 0.0683594 -0.0878906 0.21875 -0.0546875 -0.0878906 0.0410156 0.0585938 -0.0195312 -0.0625 -0.00976562 0.00585938 0.0234375
#END
