#POS
condensed ERS-7
meta-info = 298097 36151
outputs = -0.98738 -0.119516 2.18311 -1.02125 -0.125208 2.1502 -0.305127 -0.239033 2.17356 -0.370583 -0.216268 2.17785 -0.082782 -0.818989 -0.329672 0.078031 0.812955 -0.070744 0 0 0 0 0 0 0 0.444445 0 0.444445 0 0 0.000106417 0.464497 0.000454639 0.00832745 0.00195175 0 0 0 0 0 0.1268 0 0 0 0 0 0
buttons = 0 1 0 0 0 0 0 0 0 1
sensors = 201 249.448 132.075 0.419087 0 -9.64044 0.94 30.19 1766 7.735 -944
pidduties = 0 -0.0878906 0.205078 -0.0546875 -0.0878906 0.0273438 0.0136719 -0.0878906 0.205078 -0.0546875 -0.078125 0.0410156 0.0585938 -0.0195312 -0.0703125 0.00585938 0.00585938 0.0234375
#END
