#POS
condensed ERS-7
meta-info = 295249 35795
outputs = -0.98738 -0.113825 2.18869 -1.02125 -0.125208 2.1502 -0.305127 -0.227651 2.17356 -0.370583 -0.216268 2.17785 -0.088301 -0.818989 -0.329672 0.084034 0.812955 -0.066322 0 0 0 0 0 0 0 0.444445 0 0.444445 0 0 1.2998e-07 0.443416 0.418587 0.0633918 0.303709 0 0 0 0 0 0.0678521 0 0 0 0 0 0
buttons = 0 1 0 0 0 0 0 0 0 1
sensors = 467.441 748.344 132.075 0.251452 0.16908 -9.80665 0.93 30.24 1766 7.701 -1019
pidduties = 0 -0.107422 0.177734 -0.0546875 -0.0878906 0.0273438 0.0136719 -0.117188 0.177734 -0.0546875 -0.078125 0.0410156 0.0625 -0.0117188 -0.0703125 -0.00976562 -0.00390625 0.0117188
#END
