#POS
condensed ERS-7
meta-info = 293585 35587
outputs = -0.98738 -0.113825 2.18869 -1.02125 -0.125208 2.1502 -0.305127 -0.244725 2.17894 -0.370583 -0.210577 2.17785 -0.088301 -0.818989 -0.329672 0.078031 0.812955 -0.066322 0 0 0 0 0 0 0 0.444445 0 0.444445 0 0 0.00209805 1.31885 0.00892685 0.165524 0.0384983 0 0 0 0 0 0.000269771 0 0 0 0 0 0
buttons = 0 1 0 0 0 0 0 0 0 1
sensors = 386.538 476.793 133.647 0.419087 0.16908 -9.80665 0.94 30.19 1766 7.735 -944
pidduties = 0 -0.107422 0.177734 -0.0546875 -0.0878906 0.0273438 0.0136719 -0.078125 0.191406 -0.0546875 -0.0976562 0.0410156 0.0683594 -0.0195312 -0.0703125 0.00585938 0.00585938 0.0117188
#END
