#POS
condensed ERS-7
meta-info = 297650 36095
outputs = -0.98738 -0.113825 2.18869 -1.01575 -0.125208 2.1502 -0.305127 -0.239033 2.17894 -0.370583 -0.210577 2.17785 -0.088301 -0.818989 -0.323208 0.084034 0.812955 -0.070744 0 0 0 0 0 0 0 0.444445 0 0.444445 0 0 0.00144517 1.16708 0.0061741 0.113119 0.0265052 0 0 0 0 0 0.00183293 0 0 0 0 0 0
buttons = 0 1 0 0 0 0 0 0 0 1
sensors = 199.009 232.989 133.647 0.921992 0.16908 -9.80665 0.93 30.24 1766 7.701 -1019
pidduties = 0 -0.107422 0.177734 -0.0683594 -0.0878906 0.0273438 0.0136719 -0.0976562 0.191406 -0.0546875 -0.0878906 0.0410156 0.0683594 -0.0195312 -0.078125 0 0.00585938 0.0234375
#END
