#POS
condensed ERS-7
meta-info = 294289 35675
outputs = -0.98738 -0.113825 2.18311 -1.02125 -0.125208 2.1502 -0.305127 -0.239033 2.17356 -0.370583 -0.216268 2.17785 -0.088301 -0.818989 -0.336136 0.078031 0.799176 -0.070744 0 0 0 0 0 0 0 0.444445 0 0.444445 0 0 3.47964e-05 0.440531 0.000148053 0.00272867 0.000638497 0 0 0 0 0 0.14965 0 0 0 0 0 0
buttons = 0 1 0 0 0 0 0 0 0 1
sensors = 201 200 131.761 0.251452 0.16908 -9.64044 0.93 30.24 1766 7.701 -1019
pidduties = 0 -0.0976562 0.205078 -0.0410156 -0.0878906 0.0273438 0.0136719 -0.0878906 0.232422 -0.0546875 -0.078125 0.0410156 0.0625 -0.0195312 -0.0625 0.00585938 0 0.0234375
#END
