#POS
condensed ERS-7
meta-info = 295730 35855
outputs = -0.98738 -0.113825 2.18869 -1.01575 -0.125208 2.1502 -0.305127 -0.244725 2.17356 -0.37656 -0.216268 2.17785 -0.088301 -0.818989 -0.336136 0.078031 0.799176 -0.070744 0 0 0 0 0 0 0 0.444445 0 0.444445 0 0 0.36294 0.429479 0.0710882 0.0038744 0.0166299 0 0 0 0 0 0.137058 0 0 0 0 0 0
buttons = 0 1 0 0 0 0 0 0 0 1
sensors = 153.435 200 132.075 0.251452 0.16908 -9.80665 0.93 30.24 1766 7.701 -1019
pidduties = 0 -0.0976562 0.177734 -0.0683594 -0.0878906 0.0273438 0.0136719 -0.078125 0.21875 -0.0410156 -0.078125 0.0410156 0.0625 -0.0195312 -0.0664062 0.00585938 0.00976562 0.015625
#END
