#POS
condensed ERS-7
meta-info = 295794 35863
outputs = -0.98738 -0.113825 2.18869 -1.02125 -0.125208 2.1502 -0.299024 -0.239033 2.17356 -0.370583 -0.216268 2.17785 -0.071744 -0.818989 -0.336136 0.084034 0.812955 -0.066322 0 0 0 0 0 0 0 0.444445 0 0.444445 0 0 0.21722 0.429196 0.0489727 0.00266907 0.0114564 0 0 0 0 0 0.121742 0 0 0 0 0 0
buttons = 0 1 0 0 0 0 0 0 0 1
sensors = 181.081 200 133.647 0.586722 0.33816 -9.80665 0.94 30.19 1766 7.735 -944
pidduties = 0 -0.107422 0.177734 -0.0546875 -0.0878906 0.0273438 0 -0.0878906 0.21875 -0.0546875 -0.078125 0.0410156 0.0390625 -0.0195312 -0.0625 -0.00976562 -0.00390625 0.0117188
#END
