#POS
condensed ERS-7
meta-info = 293361 35559
outputs = -0.98738 -0.113825 2.18869 -1.02676 -0.125208 2.1502 -0.305127 -0.239033 2.17356 -0.364606 -0.210577 2.17785 -0.088301 -0.818989 -0.329672 0.084034 0.799176 -0.070744 0 0 0 0 0 0 0 0.444445 0 0.444445 0 0 0.00773161 0.436381 0.0328967 0.877641 0.142123 0 0 0 0 0 0.043406 0 0 0 0 0 0
buttons = 0 1 0 0 0 0 0 0 0 1
sensors = 410.204 476.793 132.075 0.419087 0.33816 -9.97286 0.94 30.19 1766 7.735 -944
pidduties = 0 -0.0976562 0.177734 -0.0273438 -0.0878906 0.0273438 0.0273438 -0.078125 0.164062 -0.0820312 -0.0878906 0.0410156 0.0625 -0.0195312 -0.0703125 0 0.0195312 0.0234375
#END
