#POS
condensed ERS-7
meta-info = 299185 36287
outputs = -0.98738 -0.113825 2.18869 -1.01575 -0.125208 2.1502 -0.305127 -0.239033 2.17356 -0.370583 -0.210577 2.17785 -0.088301 -0.818989 -0.329672 0.078031 0.812955 -0.070744 0 0 0 0 0 0 0 0.444445 0 0.444445 0 0 1.88654e-07 0.450121 0.100865 0.0920708 0.55038 0 0 0 0 0 0.0463192 0 0 0 0 0 0
buttons = 0 1 0 0 0 0 0 0 0 1
sensors = 128.846 200 132.075 0.586722 0.16908 -9.80665 0.93 30.24 1766 7.701 -1019
pidduties = 0 -0.0976562 0.177734 -0.0683594 -0.0878906 0.0273438 0.0136719 -0.0878906 0.205078 -0.0546875 -0.0976562 0.0410156 0.0625 -0.0195312 -0.0703125 0.00585938 -0.00390625 0.0234375
#END
