#POS
condensed ERS-7
meta-info = 294930 35755
outputs = -0.98738 -0.113825 2.18869 -1.01575 -0.125208 2.1502 -0.305127 -0.239033 2.17894 -0.37656 -0.216268 2.17785 -0.088301 -0.818989 -0.336136 0.084034 0.812955 -0.066322 0 0 0 0 0 0 0 0.444445 0 0.444445 0 0 8.37715e-07 0.524247 3.56433e-06 0.58004 0.0849854 0 0 0 0 0 4.07994e-05 0 0 0 0 0 0
buttons = 0 1 0 0 0 0 0 0 0 1
sensors = 478.571 768.707 133.647 0.586722 0.16908 -9.80665 0.94 30.19 1766 7.735 -944
pidduties = 0 -0.0976562 0.177734 -0.0683594 -0.0878906 0.0273438 0 -0.0976562 0.136719 -0.0273438 -0.078125 0.0410156 0.0625 -0.0117188 -0.0625 -0.00976562 0.00585938 0.00390625
#END
