#POS
condensed ERS-7
meta-info = 298929 36255
outputs = -0.98738 -0.113825 2.18869 -1.02125 -0.125208 2.1502 -0.305127 -0.239033 2.17356 -0.370583 -0.210577 2.17785 -0.082782 -0.818989 -0.329672 0.084034 0.812955 -0.070744 0 0 0 0 0 0 0 0.444445 0 0.444445 0 0 8.37609e-07 0.524249 3.57847e-06 0.580532 0.0849442 0 0 0 0 0 2.99811e-05 0 0 0 0 0 0
buttons = 0 1 0 0 0 0 0 0 0 1
sensors = 136.734 200 132.389 0.419087 0.16908 -9.80665 0.94 30.19 1766 7.735 -944
pidduties = 0 -0.0976562 0.177734 -0.0410156 -0.0878906 0.0273438 0.0273438 -0.0878906 0.246094 -0.0683594 -0.0878906 0.0410156 0.0527344 -0.0195312 -0.0703125 0 -0.00390625 0.015625
#END
