#POS
condensed ERS-7
meta-info = 296657 35971
outputs = -0.98738 -0.113825 2.18869 -1.02125 -0.125208 2.1502 -0.311229 -0.239033 2.17894 -0.370583 -0.216268 2.17785 -0.082782 -0.818989 -0.329672 0.084034 0.785397 -0.061901 0 0 0 0 0 0 0 0.444445 0 0.444445 0 0 0.698058 0.428576 0.0429134 1.74369e-05 7.48436e-05 0 0 0 0 0 0.0941409 0 0 0 0 0 0
buttons = 0 1 0 0 0 0 0 0 0 1
sensors = 446.666 748.344 132.389 0.251452 0.16908 -9.97286 0.94 30.19 1766 7.735 -944
pidduties = 0 -0.0976562 0.177734 -0.0546875 -0.0878906 0.0273438 0.0410156 -0.0976562 0.205078 -0.0546875 -0.078125 0.0410156 0.0585938 -0.0195312 -0.0703125 0 0.015625 0
#END
