#POS
condensed ERS-7
meta-info = 299697 36351
outputs = -0.98738 -0.119516 2.18869 -1.01575 -0.125208 2.1502 -0.305127 -0.244725 2.17356 -0.370583 -0.216268 2.17785 -0.088301 -0.818989 -0.336136 0.084034 0.799176 -0.070744 0 0 0 0 0 0 0 0.444445 0 0.444445 0 0 0.486874 0.429665 0.0858171 0.00467058 0.0200643 0 0 0 0 0 0.142374 0 0 0 0 0 0
buttons = 0 1 0 0 0 0 0 0 0 1
sensors = 254.43 272.289 132.075 0.251452 0.16908 -9.97286 0.93 30.25 1766 7.68 -1086
pidduties = 0 -0.0878906 0.177734 -0.0820312 -0.0878906 0.0273438 0.0136719 -0.078125 0.21875 -0.0546875 -0.078125 0.0410156 0.0683594 -0.0195312 -0.0664062 0 0.0195312 0.015625
#END
