#POS
condensed ERS-7
meta-info = 299378 36311
outputs = -0.98738 -0.113825 2.18869 -1.01575 -0.125208 2.1502 -0.305127 -0.244725 2.17356 -0.37656 -0.216268 2.17785 -0.088301 -0.818989 -0.329672 0.084034 0.785397 -0.070744 0 0 0 0 0 0 0 0.444445 0 0.444445 0 0 0.0143729 0.435617 0.834749 0.0301017 0.129427 0 0 0 0 0 0.111783 0 0 0 0 0 0
buttons = 0 1 0 0 0 0 0 0 0 1
sensors = 123.312 200 131.761 0.419087 0.16908 -9.80665 0.93 30.24 1766 7.701 -1019
pidduties = 0 -0.0976562 0.177734 -0.0683594 -0.0878906 0.0273438 0.0136719 -0.078125 0.21875 -0.0410156 -0.078125 0.0410156 0.0683594 -0.0195312 -0.0703125 -0.00976562 0.0351562 0.0234375
#END
