#POS
condensed ERS-7
meta-info = 296274 35923
outputs = -0.98738 -0.119516 2.18869 -1.01575 -0.125208 2.1502 -0.305127 -0.239033 2.17356 -0.370583 -0.216268 2.17785 -0.077263 -0.818989 -0.329672 0.084034 0.812955 -0.066322 0 0 0 0 0 0 0 0.444445 0 0.444445 0 0 0.0129654 0.42861 0.00299313 0.000163129 0.000700193 0 0 0 0 0 1.33216e-05 0 0 0 0 0 0
buttons = 0 1 0 0 0 0 0 0 0 1
sensors = 352.631 660.818 132.075 0.419087 0.16908 -9.97286 0.94 30.19 1766 7.735 -944
pidduties = 0 -0.0878906 0.177734 -0.0683594 -0.0878906 0.0273438 0.0136719 -0.0976562 0.21875 -0.0546875 -0.078125 0.0410156 0.0429688 -0.0195312 -0.0703125 -0.00976562 -0.00390625 0.0117188
#END
