#POS
condensed ERS-7
meta-info = 299282 36299
outputs = -0.98738 -0.119516 2.18869 -1.01575 -0.125208 2.1502 -0.305127 -0.250416 2.17356 -0.37656 -0.210577 2.17785 -0.088301 -0.818989 -0.329672 0.084034 0.799176 -0.066322 0 0 0 0 0 0 0 0.444445 0 0.444445 0 0 0.000136977 0.440893 0.643866 0.0526449 0.236559 0 0 0 0 0 0.0795046 0 0 0 0 0 0
buttons = 0 1 0 0 0 0 0 0 0 1
sensors = 128.846 200 132.075 0.419087 0.16908 -9.80665 0.93 30.24 1766 7.701 -1019
pidduties = 0 -0.0878906 0.177734 -0.0683594 -0.0878906 0.0273438 0.0136719 -0.0585938 0.205078 -0.0410156 -0.0878906 0.0410156 0.0683594 -0.0195312 -0.0703125 0 0.0195312 0.00390625
#END
