#POS
condensed ERS-7
meta-info = 296017 35891
outputs = -0.98738 -0.113825 2.18869 -1.02125 -0.125208 2.1502 -0.305127 -0.239033 2.17356 -0.37656 -0.216268 2.17785 -0.082782 -0.815283 -0.329672 0.078031 0.799176 -0.066322 0 0 0 0 0 0 0 0.444445 0 0.444445 0 0 0.0571833 0.428741 0.0132892 0.000724281 0.0031088 0 0 0 0 0 0.0469737 0 0 0 0 0 0
buttons = 0 1 0 0 0 0 0 0 0 1
sensors = 211.578 244.06 131.446 0.251452 0.16908 -9.80665 0.93 30.24 1766 7.701 -1019
pidduties = 0 -0.107422 0.177734 -0.0546875 -0.0878906 0.0273438 0.0136719 -0.0878906 0.21875 -0.0410156 -0.078125 0.0410156 0.0527344 -0.03125 -0.0742188 0.00585938 0.00976562 0.00390625
#END
