#POS
condensed ERS-7
meta-info = 294513 35703
outputs = -0.98738 -0.113825 2.18869 -1.02125 -0.125208 2.1502 -0.305127 -0.239033 2.18431 -0.370583 -0.216268 2.17785 -0.082782 -0.818989 -0.329672 0.078031 0.799176 -0.066322 0 0 0 0 0 0 0 0.444445 0 0.444445 0 0 9.44238e-06 0.948563 4.01756e-05 0.000787808 0.000173263 0 0 0 0 0 0.10579 0 0 0 0 0 0
buttons = 0 1 0 0 0 0 0 0 0 1
sensors = 446.666 768.707 131.446 0.419087 0.33816 -9.80665 0.94 30.19 1766 7.735 -944
pidduties = 0 -0.0976562 0.177734 -0.0546875 -0.0878906 0.0273438 0.0136719 -0.0976562 0.164062 -0.0546875 -0.078125 0.0410156 0.0585938 -0.0195312 -0.0703125 0.00585938 0.0195312 0.0117188
#END
