#POS
condensed ERS-7
meta-info = 292529 35455
outputs = -0.981644 -0.113825 2.18869 -1.02676 -0.125208 2.1502 -0.299024 -0.239033 2.17356 -0.370583 -0.210577 2.17785 -0.082782 -0.818989 -0.329672 0.084034 0.812955 -0.061901 0 0 0 0 0 0 0 0.444445 0 0.444445 0 0 0.638143 0.42858 0.000803978 3.68149e-05 0.000157703 0 0 0 0 0 0.0496163 0 0 0 0 0 0
buttons = 0 1 0 0 0 0 0 0 0 1
sensors = 394.117 472.803 132.075 0.419087 0.33816 -9.80665 0.94 30.19 1766 7.735 -944
pidduties = -0.0273438 -0.0976562 0.177734 -0.0273438 -0.0878906 0.0273438 0 -0.0976562 0.21875 -0.0546875 -0.0976562 0.0410156 0.0585938 -0.0195312 -0.0703125 -0.0136719 -0.00390625 0
#END
