#POS
condensed ERS-7
meta-info = 296114 35903
outputs = -0.981644 -0.119516 2.18869 -1.02676 -0.125208 2.1502 -0.305127 -0.239033 2.17356 -0.370583 -0.210577 2.17785 -0.082782 -0.818989 -0.329672 0.078031 0.785397 -0.066322 0 0 0 0 0 0 0 0.444445 0 0.444445 0 0 0.0326967 0.428668 0.00759862 0.000414134 0.00177757 0 0 0 0 0 0.0193786 0 0 0 0 0 0
buttons = 0 1 0 0 0 0 0 0 0 1
sensors = 218.478 256.235 132.075 0.251452 0.16908 -9.97286 0.93 30.24 1766 7.701 -1019
pidduties = -0.0136719 -0.0878906 0.177734 -0.0273438 -0.0878906 0.0273438 0.0273438 -0.0878906 0.205078 -0.0546875 -0.0976562 0.0410156 0.0527344 -0.0195312 -0.0742188 0.015625 0.0351562 0.0117188
#END
