#POS
condensed ERS-7
meta-info = 293457 35571
outputs = -0.98738 -0.119516 2.18869 -1.02125 -0.125208 2.1502 -0.317332 -0.239033 2.17356 -0.358629 -0.210577 2.17785 -0.082782 -0.818989 -0.336136 0.084034 0.812955 -0.061901 0 0 0 0 0 0 0 0.444445 0 0.444445 0 0 0.00442084 0.607916 0.0188099 0.445744 0.0811202 0 0 0 0 0 0.0170698 0 0 0 0 0 0
buttons = 0 1 0 0 0 0 0 0 0 1
sensors = 401.999 476.793 132.075 0.419087 0.16908 -9.97286 0.94 30.19 1766 7.735 -944
pidduties = 0 -0.0878906 0.177734 -0.0410156 -0.0878906 0.0273438 0.0546875 -0.0878906 0.164062 -0.0957031 -0.0976562 0.0410156 0.0585938 -0.0195312 -0.0664062 0 0.00585938 0
#END
