#POS
condensed ERS-7
meta-info = 294417 35691
outputs = -0.98738 -0.113825 2.18869 -1.02676 -0.125208 2.1502 -0.305127 -0.239033 2.17356 -0.37656 -0.210577 2.17785 -0.082782 -0.818989 -0.329672 0.078031 0.812955 -0.066322 0 0 0 0 0 0 0 0.444445 0 0.444445 0 0 1.65138e-05 0.493103 7.02633e-05 0.00129498 0.00030302 0 0 0 0 0 0.132592 0 0 0 0 0 0
buttons = 0 1 0 0 0 0 0 0 0 1
sensors = 456.818 597.883 132.075 0.419087 0.16908 -9.80665 0.94 30.19 1766 7.735 -944
pidduties = 0 -0.107422 0.177734 -0.0410156 -0.0878906 0.0273438 0.0136719 -0.0976562 0.150391 -0.0410156 -0.0878906 0.0410156 0.0585938 -0.0195312 -0.0703125 0.015625 -0.00390625 0.0117188
#END
