#POS
condensed ERS-7
meta-info = 295281 35799
outputs = -0.98738 -0.113825 2.18869 -1.02676 -0.125208 2.1502 -0.311229 -0.239033 2.17356 -0.370583 -0.210577 2.17785 -0.09382 -0.818989 -0.329672 0.084034 0.812955 -0.070744 0 0 0 0 0 0 0 0.444445 0 0.444445 0 0 0.000136977 0.440893 0.643864 0.0526152 0.236233 0 0 0 0 0 0.0791517 0 0 0 0 0 0
buttons = 0 1 0 0 0 0 0 0 0 1
sensors = 436.956 748.344 132.075 0.419087 0.16908 -9.80665 0.94 30.19 1766 7.735 -944
pidduties = 0 -0.0976562 0.177734 -0.0273438 -0.0878906 0.0273438 0.0410156 -0.0878906 0.164062 -0.0546875 -0.0976562 0.0410156 0.0722656 -0.0195312 -0.0703125 -0.00976562 -0.00390625 0.015625
#END
