#POS
condensed ERS-7
meta-info = 295154 35783
outputs = -0.98738 -0.113825 2.18869 -1.02125 -0.125208 2.1502 -0.299024 -0.244725 2.17356 -0.370583 -0.210577 2.17785 -0.082782 -0.818989 -0.329672 0.084034 0.812955 -0.066322 0 0 0 0 0 0 0 0.444445 0 0.444445 0 0 2.27323e-07 0.454534 0.0372095 0.110866 0.717427 0 0 0 0 0 0.0359295 0 0 0 0 0 0
buttons = 0 1 0 0 0 0 0 0 0 1
sensors = 446.666 758.389 132.075 0.419087 0.16908 -9.80665 0.93 30.24 1766 7.701 -1019
pidduties = 0 -0.0976562 0.177734 -0.0546875 -0.0878906 0.0273438 0 -0.078125 0.232422 -0.0546875 -0.0976562 0.0410156 0.0527344 -0.0117188 -0.0703125 -0.00976562 0.00585938 0.00390625
#END
