#POS
condensed ERS-7
meta-info = 298161 36159
outputs = -0.981644 -0.113825 2.18869 -1.01575 -0.125208 2.1502 -0.305127 -0.239033 2.17356 -0.370583 -0.216268 2.17785 -0.088301 -0.818989 -0.336136 0.084034 0.799176 -0.066322 0 0 0 0 0 0 0 0.444445 0 0.444445 0 0 7.33107e-05 0.453321 0.000313201 0.00573678 0.00134456 0 0 0 0 0 0.140576 0 0 0 0 0 0
buttons = 0 1 0 0 0 0 0 0 0 1
sensors = 201 225.548 133.962 0.419087 0.33816 -9.80665 0.94 30.19 1766 7.735 -944
pidduties = -0.0273438 -0.0976562 0.177734 -0.0683594 -0.0878906 0.0273438 0.0136719 -0.0878906 0.21875 -0.0683594 -0.078125 0.0410156 0.0625 -0.0195312 -0.0625 -0.00976562 0.0195312 0.0117188
#END
