#POS
condensed ERS-7
meta-info = 296881 35999
outputs = -0.98738 -0.113825 2.18869 -1.02125 -0.125208 2.1502 -0.305127 -0.239033 2.17356 -0.370583 -0.216268 2.17785 -0.088301 -0.818989 -0.329672 0.078031 0.812955 -0.070744 0 0 0 0 0 0 0 0.444445 0 0.444445 0 0 0.126577 0.428573 0.820339 4.73168e-06 0.0167728 0 0 0 0 0 0.147539 0 0 0 0 0 0
buttons = 0 1 0 0 0 0 0 0 0 1
sensors = 131.372 200 132.075 0.419087 0 -9.80665 0.93 30.24 1766 7.701 -1019
pidduties = 0 -0.0976562 0.177734 -0.0546875 -0.0878906 0.0273438 0.0136719 -0.0878906 0.205078 -0.0546875 -0.078125 0.0410156 0.0625 -0.0195312 -0.0703125 0.015625 -0.00390625 0.015625
#END
