#POS
condensed ERS-7
meta-info = 298833 36243
outputs = -0.98738 -0.113825 2.18869 -1.02125 -0.125208 2.1502 -0.311229 -0.239033 2.17356 -0.370583 -0.216268 2.17785 -0.088301 -0.818989 -0.329672 0.084034 0.812955 -0.066322 0 0 0 0 0 0 0 0.444445 0 0.444445 0 0 1.4649e-06 0.597003 6.25839e-06 0.887284 0.00216285 0 0 0 0 0 0.00850254 0 0 0 0 0 0
buttons = 0 1 0 0 0 0 0 0 0 1
sensors = 130.519 200 133.647 0.419087 0.16908 -9.80665 0.94 30.19 1766 7.735 -944
pidduties = 0 -0.107422 0.177734 -0.0410156 -0.0878906 0.0273438 0.0410156 -0.0878906 0.21875 -0.0683594 -0.078125 0.0410156 0.078125 -0.0195312 -0.0703125 0 0.00585938 0.0117188
#END
