#POS
condensed ERS-7
meta-info = 300083 36399
outputs = -0.98738 -0.119516 2.18869 -1.02125 -0.125208 2.1502 -0.305127 -0.239033 2.17356 -0.370583 -0.210577 2.17785 -0.088301 -0.818989 -0.336136 0.078031 0.812955 -0.070744 0 0 0 0 0 0 0 0.444445 0 0.444445 0 0 0.039255 0.428688 0.00917299 0.000499239 0.00214468 0 0 0 0 0 0.0272968 0 0 0 0 0 0
buttons = 0 1 0 0 0 0 0 0 0 1
sensors = 287.142 264.637 132.389 0.419087 0.16908 -9.80665 0.93 30.25 1766 7.68 -1086
pidduties = 0 -0.0878906 0.177734 -0.0546875 -0.0878906 0.0273438 0.0136719 -0.0878906 0.21875 -0.0546875 -0.0878906 0.0410156 0.0683594 -0.0195312 -0.0664062 0.015625 -0.00390625 0.0234375
#END
