#POS
condensed ERS-7
meta-info = 300241 36419
outputs = -0.981644 -0.113825 2.18869 -1.02676 -0.125208 2.1502 -0.305127 -0.239033 2.17356 -0.370583 -0.216268 2.17785 -0.088301 -0.818989 -0.323208 0.078031 0.812955 -0.066322 0 0 0 0 0 0 0 0.444445 0 0.444445 0 0 0.0154627 0.428617 0.00361328 0.000196652 0.000844797 0 0 0 0 0 0.000606537 0 0 0 0 0 0
buttons = 0 1 0 0 0 0 0 0 0 1
sensors = 436.956 748.344 132.075 0.586722 0.33816 -9.64044 0.93 30.24 1766 7.701 -1019
pidduties = -0.0273438 -0.107422 0.164062 -0.0273438 -0.0878906 0.0273438 0.0136719 -0.0878906 0.232422 -0.0546875 -0.078125 0.0410156 0.0625 -0.0195312 -0.078125 0.015625 -0.00390625 0.00390625
#END
