#POS
condensed ERS-7
meta-info = 296593 35963
outputs = -0.981644 -0.113825 2.18869 -1.01575 -0.125208 2.1502 -0.305127 -0.239033 2.17356 -0.370583 -0.216268 2.17785 -0.077263 -0.818989 -0.329672 0.084034 0.812955 -0.066322 0 0 0 0 0 0 0 0.444445 0 0.444445 0 0 0.89896 0.428577 0.00386631 2.53112e-05 0.000108642 0 0 0 0 0 0.071731 0 0 0 0 0 0
buttons = 0 1 0 0 0 0 0 0 0 1
sensors = 446.666 768.707 133.962 0.419087 0.16908 -9.80665 0.93 30.24 1766 7.701 -1019
pidduties = -0.0273438 -0.0976562 0.177734 -0.0683594 -0.0878906 0.0273438 0.0136719 -0.0878906 0.21875 -0.0683594 -0.078125 0.0410156 0.0488281 -0.0195312 -0.0703125 0 0.00585938 0.0117188
#END
