#POS
condensed ERS-7
meta-info = 293329 35555
outputs = -0.98738 -0.113825 2.18869 -1.02125 -0.125208 2.1502 -0.305127 -0.244725 2.17356 -0.37656 -0.210577 2.17785 -0.077263 -0.815283 -0.329672 0.084034 0.799176 -0.066322 0 0 0 0 0 0 0 0.444445 0 0.444445 0 0 0.0093152 0.430423 0.0396345 0.879974 0.172201 0 0 0 0 0 0.0539857 0 0 0 0 0 0
buttons = 0 1 0 0 0 0 0 0 0 1
sensors = 410.204 476.793 132.389 0.419087 0.16908 -9.97286 0.93 30.24 1766 7.701 -1019
pidduties = 0 -0.0976562 0.177734 -0.0410156 -0.0878906 0.0273438 0.0136719 -0.078125 0.177734 -0.0410156 -0.0976562 0.0410156 0.0429688 -0.03125 -0.0742188 0 0.0195312 0.00390625
#END
