#POS
condensed ERS-7
meta-info = 298865 36247
outputs = -0.98738 -0.119516 2.18869 -1.02676 -0.125208 2.1502 -0.305127 -0.239033 2.17356 -0.370583 -0.216268 2.17785 -0.071744 -0.815283 -0.329672 0.078031 0.812955 -0.061901 0 0 0 0 0 0 0 0.444445 0 0.444445 0 0 1.21587e-06 0.567669 5.19447e-06 0.87212 0.00887854 0 0 0 0 0 0.00404561 0 0 0 0 0 0
buttons = 0 1 0 0 0 0 0 0 0 1
sensors = 130.519 200 131.761 0.419087 0.33816 -9.80665 0.94 30.19 1766 7.735 -944
pidduties = 0 -0.0878906 0.177734 -0.0273438 -0.0878906 0.0273438 0.0136719 -0.0878906 0.232422 -0.0546875 -0.078125 0.0410156 0.0332031 -0.03125 -0.0742188 0.00585938 0.00585938 0
#END
