#POS
condensed ERS-7
meta-info = 296498 35951
outputs = -0.981644 -0.119516 2.18869 -1.01575 -0.125208 2.1502 -0.305127 -0.239033 2.17894 -0.370583 -0.210577 2.17785 -0.088301 -0.818989 -0.329672 0.078031 0.799176 -0.070744 0 0 0 0 0 0 0 0.444445 0 0.444445 0 0 0.40839 0.428582 0.000812216 4.42668e-05 0.000190005 0 0 0 0 0 0.0392998 0 0 0 0 0 0
buttons = 0 1 0 0 0 0 0 0 0 1
sensors = 467.441 758.389 132.075 0.419087 0.16908 -9.97286 0.93 30.24 1766 7.701 -1019
pidduties = -0.0273438 -0.0878906 0.177734 -0.0683594 -0.0878906 0.0273438 0.0136719 -0.0976562 0.191406 -0.0546875 -0.0976562 0.0410156 0.0683594 -0.0195312 -0.0742188 0.00585938 0.0195312 0.0234375
#END
