#POS
condensed ERS-7
meta-info = 296850 35995
outputs = -0.98738 -0.119516 2.18869 -1.02125 -0.125208 2.1502 -0.305127 -0.239033 2.17356 -0.370583 -0.210577 2.17785 -0.088301 -0.818989 -0.323208 0.084034 0.812955 -0.066322 0 0 0 0 0 0 0 0.444445 0 0.444445 0 0 0.152893 0.428573 0.897036 5.70082e-06 0.00447781 0 0 0 0 0 0.143852 0 0 0 0 0 0
buttons = 0 1 0 0 0 0 0 0 0 1
sensors = 163.414 200 131.446 0.586722 0.16908 -9.80665 0.94 30.19 1766 7.735 -944
pidduties = 0 -0.0878906 0.177734 -0.0410156 -0.0878906 0.0273438 0.0136719 -0.0878906 0.205078 -0.0546875 -0.0878906 0.0410156 0.0625 -0.0195312 -0.078125 -0.00976562 0.00585938 0.00390625
#END
