#POS
condensed ERS-7
meta-info = 292594 35463
outputs = -0.98738 -0.113825 2.18869 -1.02125 -0.125208 2.1502 -0.299024 -0.239033 2.17894 -0.364606 -0.216268 2.17785 -0.082782 -0.818989 -0.329672 0.084034 0.812955 -0.070744 0 0 0 0 0 0 0 0.444445 0 0.444445 0 0 0.899877 0.428577 0.00387288 2.53618e-05 0.000108641 0 0 0 0 0 0.0713778 0 0 0 0 0 0
buttons = 0 1 0 0 0 0 0 0 0 1
sensors = 379.245 472.803 132.075 0.419087 0.16908 -9.80665 0.94 30.19 1766 7.735 -944
pidduties = 0 -0.107422 0.177734 -0.0410156 -0.0878906 0.0273438 0 -0.0976562 0.191406 -0.0820312 -0.078125 0.0410156 0.0527344 -0.0195312 -0.0703125 -0.0136719 -0.00390625 0.0234375
#END
