#POS
condensed ERS-7
meta-info = 292818 35491
outputs = -0.98738 -0.119516 2.18869 -1.02125 -0.125208 2.1502 -0.299024 -0.239033 2.17356 -0.370583 -0.210577 2.17785 -0.082782 -0.818989 -0.329672 0.078031 0.799176 -0.070744 0 0 0 0 0 0 0 0.444445 0 0.444445 0 0 0.185965 0.428573 0.843658 6.88219e-06 0.00100255 0 0 0 0 0 0.138413 0 0 0 0 0 0
buttons = 0 1 0 0 0 0 0 0 0 1
sensors = 386.538 472.803 131.761 0.586722 0.16908 -9.80665 0.94 30.19 1766 7.735 -944
pidduties = 0 -0.078125 0.177734 -0.0410156 -0.0878906 0.0273438 0 -0.0878906 0.205078 -0.0683594 -0.0976562 0.0410156 0.0683594 -0.0195312 -0.0703125 0.015625 0.00976562 0.015625
#END
