#POS
condensed ERS-7
meta-info = 297393 36063
outputs = -0.98738 -0.113825 2.18869 -1.02125 -0.125208 2.1502 -0.299024 -0.250416 2.17356 -0.370583 -0.210577 2.17785 -0.088301 -0.818989 -0.329672 0.084034 0.812955 -0.070744 0 0 0 0 0 0 0 0.444445 0 0.444445 0 0 0.00641643 0.45475 0.0274125 0.76707 0.117725 0 0 0 0 0 0.0335437 0 0 0 0 0 0
buttons = 0 1 0 0 0 0 0 0 0 1
sensors = 186.111 202.872 132.075 0.251452 0.16908 -9.64044 0.94 30.19 1766 7.735 -944
pidduties = 0 -0.0976562 0.177734 -0.0546875 -0.0878906 0.0273438 0 -0.0585938 0.205078 -0.0546875 -0.0878906 0.0410156 0.0683594 -0.0195312 -0.0703125 0 -0.00390625 0.0234375
#END
