#POS
condensed ERS-7
meta-info = 292498 35451
outputs = -0.98738 -0.113825 2.18869 -1.01575 -0.125208 2.1502 -0.299024 -0.244725 2.17356 -0.370583 -0.216268 2.17785 -0.088301 -0.818989 -0.329672 0.084034 0.812955 -0.070744 0 0 0 0 0 0 0 0.444445 0 0.444445 0 0 0.408381 0.428582 0.000812995 4.43553e-05 0.000190003 0 0 0 0 0 0.0389893 0 0 0 0 0 0
buttons = 0 1 0 0 0 0 0 0 0 1
sensors = 394.117 472.803 131.761 0.419087 0.16908 -9.97286 0.94 30.19 1766 7.735 -944
pidduties = 0 -0.0976562 0.177734 -0.0683594 -0.0878906 0.0273438 0 -0.078125 0.205078 -0.0546875 -0.078125 0.0410156 0.0625 -0.0195312 -0.0742188 -0.00390625 -0.0234375 0.015625
#END
