#POS
condensed ERS-7
meta-info = 298897 36251
outputs = -0.981644 -0.113825 2.18869 -1.02125 -0.125208 2.1502 -0.305127 -0.239033 2.17894 -0.370583 -0.216268 2.17785 -0.071744 -0.818989 -0.329672 0.084034 0.812955 -0.070744 0 0 0 0 0 0 0 0.444445 0 0.444445 0 0 1.00917e-06 0.54388 4.31141e-06 0.747784 0.0302127 0 0 0 0 0 0.00119987 0 0 0 0 0 0
buttons = 0 1 0 0 0 0 0 0 0 1
sensors = 136.734 200 132.389 0.419087 0.33816 -9.80665 0.93 30.24 1766 7.701 -1019
pidduties = -0.0273438 -0.0976562 0.177734 -0.0546875 -0.0878906 0.0273438 0.0273438 -0.0976562 0.21875 -0.0546875 -0.078125 0.0410156 0.0332031 -0.0195312 -0.0703125 0 0.00585938 0.015625
#END
