#POS
condensed ERS-7
meta-info = 295057 35771
outputs = -0.98738 -0.119516 2.18869 -1.03776 -0.125208 2.1502 -0.305127 -0.239033 2.17356 -0.37656 -0.216268 2.17785 -0.088301 -0.818989 -0.329672 0.084034 0.812955 -0.066322 0 0 0 0 0 0 0 0.444445 0 0.444445 0 0 3.97565e-07 0.473977 0.000583335 0.197517 0.800079 0 0 0 0 0 0.0118712 0 0 0 0 0 0
buttons = 0 1 0 0 0 0 0 0 0 1
sensors = 467.441 768.707 132.075 0.419087 0.33816 -9.80665 0.93 30.24 1766 7.701 -1019
pidduties = 0 -0.0878906 0.177734 0 -0.0878906 0.0273438 0.0136719 -0.0878906 0.21875 -0.0410156 -0.078125 0.0410156 0.0625 -0.0195312 -0.0742188 0 0.00585938 0.00390625
#END
