#POS
condensed ERS-7
meta-info = 298129 36155
outputs = -0.98738 -0.113825 2.18869 -1.02125 -0.125208 2.1502 -0.305127 -0.244725 2.17356 -0.358629 -0.210577 2.17785 -0.082782 -0.818989 -0.336136 0.084034 0.812955 -0.070744 0 0 0 0 0 0 0 0.444445 0 0.444445 0 0 8.83262e-05 0.45839 0.000377351 0.00691178 0.00161996 0 0 0 0 0 0.134362 0 0 0 0 0 0
buttons = 0 1 0 0 0 0 0 0 0 1
sensors = 201 249.448 132.389 0.419087 0.16908 -9.80665 0.93 30.24 1766 7.701 -1019
pidduties = 0 -0.0976562 0.177734 -0.0546875 -0.0878906 0.0273438 0.0136719 -0.078125 0.21875 -0.0957031 -0.0976562 0.0410156 0.0527344 -0.0117188 -0.0625 0 0.00585938 0.015625
#END
