#POS
condensed ERS-7
meta-info = 298673 36223
outputs = -0.98738 -0.119516 2.18869 -1.01575 -0.125208 2.1502 -0.305127 -0.239033 2.17356 -0.370583 -0.210577 2.17785 -0.088301 -0.818989 -0.329672 0.084034 0.799176 -0.070744 0 0 0 0 0 0 0 0.444445 0 0.444445 0 0 3.71892e-06 1.04181 1.58881e-05 0.0712674 6.82072e-05 0 0 0 0 0 0.0502827 0 0 0 0 0 0
buttons = 0 1 0 0 0 0 0 0 0 1
sensors = 144.604 200 132.075 0.251452 0.16908 -9.80665 0.94 30.19 1766 7.735 -944
pidduties = 0 -0.0878906 0.177734 -0.0683594 -0.0878906 0.0273438 0.0136719 -0.0878906 0.164062 -0.0546875 -0.0878906 0.0410156 0.0625 -0.0117188 -0.0703125 0 0.0195312 0.015625
#END
