#POS
condensed ERS-7
meta-info = 296434 35943
outputs = -0.981644 -0.119516 2.17753 -1.02125 -0.125208 2.1502 -0.317332 -0.239033 2.17356 -0.364606 -0.216268 2.17785 -0.088301 -0.818989 -0.336136 0.084034 0.771618 -0.066322 0 0 0 0 0 0 0 0.444445 0 0.444445 0 0 0.100412 0.428587 0.001179 6.42572e-05 0.000275809 0 0 0 0 0 0.0213149 0 0 0 0 0 0
buttons = 0 1 0 0 0 0 0 0 0 1
sensors = 490.244 758.389 133.647 0.251452 0.33816 -9.80665 0.94 30.19 1766 7.735 -944
pidduties = -0.0273438 -0.0878906 0.21875 -0.0546875 -0.0878906 0.0273438 0.0546875 -0.0878906 0.21875 -0.0820312 -0.078125 0.0410156 0.0625 -0.0195312 -0.0625 -0.00976562 0.0390625 0.0117188
#END
