#POS
condensed ERS-7
meta-info = 298641 36219
outputs = -0.98738 -0.113825 2.18869 -1.02676 -0.125208 2.1502 -0.299024 -0.239033 2.17894 -0.37656 -0.210577 2.17785 -0.088301 -0.818989 -0.329672 0.084034 0.812955 -0.066322 0 0 0 0 0 0 0 0.444445 0 0.444445 0 0 4.48063e-06 1.20647 1.91423e-05 0.0247106 8.21774e-05 0 0 0 0 0 0.0612034 0 0 0 0 0 0
buttons = 0 1 0 0 0 0 0 0 0 1
sensors = 144.604 200 132.075 0.419087 0.16908 -9.80665 0.94 30.19 1766 7.735 -944
pidduties = 0 -0.107422 0.177734 -0.0273438 -0.0878906 0.0273438 0 -0.0976562 0.136719 -0.0410156 -0.0976562 0.0410156 0.0683594 -0.0195312 -0.0703125 -0.00976562 0.00585938 0.00390625
#END
