#POS
condensed ERS-7
meta-info = 299857 36371
outputs = -0.98738 -0.119516 2.18869 -1.02676 -0.125208 2.1502 -0.305127 -0.239033 2.17356 -0.370583 -0.210577 2.17785 -0.082782 -0.818989 -0.329672 0.084034 0.785397 -0.070744 0 0 0 0 0 0 0 0.444445 0 0.444445 0 0 0.144988 0.429002 0.0338037 0.00183976 0.00790342 0 0 0 0 0 0.101875 0 0 0 0 0 0
buttons = 0 1 0 0 0 0 0 0 0 1
sensors = 248.148 311.294 132.075 0.251452 0.33816 -9.80665 0.93 30.24 1766 7.701 -1019
pidduties = 0 -0.0878906 0.177734 -0.0273438 -0.0878906 0.0273438 0.0136719 -0.0878906 0.150391 -0.0546875 -0.0976562 0.0410156 0.0625 -0.0195312 -0.0742188 -0.00976562 0.0351562 0.015625
#END
