#POS
condensed ERS-7
meta-info = 292689 35475
outputs = -0.98738 -0.119516 2.18869 -1.02125 -0.125208 2.1502 -0.311229 -0.239033 2.17356 -0.370583 -0.216268 2.17785 -0.088301 -0.818989 -0.329672 0.084034 0.812955 -0.070744 0 0 0 0 0 0 0 0.444445 0 0.444445 0 0 0.530879 0.428575 0.113048 1.45016e-05 6.21198e-05 0 0 0 0 0 0.104495 0 0 0 0 0 0
buttons = 0 1 0 0 0 0 0 0 0 1
sensors = 394.117 476.793 133.647 0.419087 0.16908 -9.80665 0.94 30.19 1766 7.735 -944
pidduties = 0 -0.0878906 0.177734 -0.0546875 -0.0878906 0.0273438 0.0410156 -0.0976562 0.205078 -0.0546875 -0.078125 0.0410156 0.0683594 -0.0117188 -0.0703125 -0.0136719 -0.00390625 0.015625
#END
