#POS
condensed ERS-7
meta-info = 294578 35711
outputs = -0.98738 -0.113825 2.18869 -1.02125 -0.125208 2.1502 -0.305127 -0.244725 2.17356 -0.370583 -0.216268 2.17785 -0.082782 -0.818989 -0.329672 0.078031 0.799176 -0.070744 0 0 0 0 0 0 0 0.444445 0 0.444445 0 0 6.50485e-06 1.30551 2.7677e-05 0.00211052 0.000119361 0 0 0 0 0 0.0840808 0 0 0 0 0 0
buttons = 0 1 0 0 0 0 0 0 0 1
sensors = 478.571 758.389 132.075 0.251452 0.33816 -9.80665 0.93 30.24 1766 7.701 -1019
pidduties = 0 -0.0976562 0.177734 -0.0546875 -0.0878906 0.0273438 0.0136719 -0.078125 0.205078 -0.0546875 -0.078125 0.0410156 0.0585938 -0.0195312 -0.0703125 0.015625 0.0195312 0.0234375
#END
