#POS
condensed ERS-7
meta-info = 294706 35727
outputs = -0.981644 -0.113825 2.18311 -1.02125 -0.125208 2.1502 -0.305127 -0.239033 2.17356 -0.370583 -0.210577 2.17785 -0.088301 -0.818989 -0.329672 0.084034 0.812955 -0.066322 0 0 0 0 0 0 0 0.444445 0 0.444445 0 0 3.08709e-06 0.884733 1.3135e-05 0.171013 5.66467e-05 0 0 0 0 0 0.0402361 0 0 0 0 0 0
buttons = 0 1 0 0 0 0 0 0 0 1
sensors = 446.666 768.707 132.389 0.419087 0.16908 -9.80665 0.94 30.19 1766 7.735 -944
pidduties = -0.0136719 -0.0976562 0.205078 -0.0410156 -0.0878906 0.0273438 0.0136719 -0.0878906 0.205078 -0.0546875 -0.0976562 0.0410156 0.0683594 -0.0195312 -0.0703125 0 -0.00390625 0.0117188
#END
