#POS
condensed ERS-7
meta-info = 297170 36035
outputs = -0.98738 -0.113825 2.18869 -1.02125 -0.125208 2.1502 -0.299024 -0.239033 2.17356 -0.358629 -0.216268 2.17785 -0.088301 -0.818989 -0.329672 0.084034 0.799176 -0.066322 0 0 0 0 0 0 0 0.444445 0 0.444445 0 0 0.0236454 0.428572 0.101019 0.0627544 0.633327 0 0 0 0 0 0.108978 0 0 0 0 0 0
buttons = 0 1 0 0 0 0 0 0 0 1
sensors = 174.782 200 133.647 0.251452 0.33816 -9.80665 0.93 30.24 1766 7.701 -1019
pidduties = 0 -0.0976562 0.177734 -0.0546875 -0.0878906 0.0273438 0 -0.0878906 0.164062 -0.0957031 -0.078125 0.0410156 0.0683594 -0.0117188 -0.0742188 -0.00976562 0.00976562 0.00390625
#END
