#POS
condensed ERS-7
meta-info = 294961 35759
outputs = -0.98738 -0.113825 2.18869 -1.02125 -0.125208 2.1502 -0.299024 -0.239033 2.17356 -0.37656 -0.210577 2.17785 -0.082782 -0.818989 -0.329672 0.078031 0.812955 -0.066322 0 0 0 0 0 0 0 0.444445 0 0.444445 0 0 6.95304e-07 0.507982 2.95839e-06 0.429431 0.197054 0 0 0 0 0 0.00052011 0 0 0 0 0 0
buttons = 0 1 0 0 0 0 0 0 0 1
sensors = 478.571 768.707 133.647 0.419087 0.16908 -9.80665 0.93 30.24 1766 7.701 -1019
pidduties = 0.0136719 -0.0976562 0.177734 -0.0410156 -0.0878906 0.0273438 0 -0.0878906 0.150391 -0.0410156 -0.0878906 0.0410156 0.0585938 -0.0195312 -0.0703125 0.015625 0.00585938 0.0117188
#END
