#POS
condensed ERS-7
meta-info = 300625 36467
outputs = -0.98738 -0.113825 2.18869 -1.02125 -0.125208 2.1502 -0.299024 -0.239033 2.17894 -0.370583 -0.210577 2.17785 -0.09382 -0.818989 -0.329672 0.084034 0.799176 -0.070744 0 0 0 0 0 0 0 0.444445 0 0.444445 0 0 0.844045 0.428576 0.0136443 2.10201e-05 9.03003e-05 0 0 0 0 0 0.0833785 0 0 0 0 0 0
buttons = 0 1 0 0 0 0 0 0 0 1
sensors = 446.666 768.707 132.075 0.419087 0.16908 -9.80665 0.93 30.24 1766 7.701 -1019
pidduties = 0 -0.0976562 0.177734 -0.0546875 -0.0878906 0.0273438 0 -0.0878906 0.21875 -0.0546875 -0.0878906 0.0410156 0.078125 -0.0195312 -0.0703125 -0.00976562 0.0195312 0.015625
#END
