#POS
condensed ERS-7
meta-info = 299793 36363
outputs = -0.98738 -0.113825 2.18869 -1.01575 -0.125208 2.1502 -0.299024 -0.239033 2.17894 -0.37656 -0.216268 2.17785 -0.088301 -0.815283 -0.329672 0.078031 0.812955 -0.066322 0 0 0 0 0 0 0 0.444445 0 0.444445 0 0 0.216479 0.429197 0.0490691 0.00267058 0.0114725 0 0 0 0 0 0.121465 0 0 0 0 0 0
buttons = 0 1 0 0 0 0 0 0 0 1
sensors = 248.148 299.734 132.075 0.419087 0.33816 -9.80665 0.93 30.25 1766 7.68 -1086
pidduties = 0 -0.0976562 0.177734 -0.0683594 -0.0878906 0.0273438 0 -0.0976562 0.205078 -0.0410156 -0.078125 0.0410156 0.0625 -0.03125 -0.0742188 0.015625 0.00585938 0.00390625
#END
