#POS
condensed ERS-7
meta-info = 297233 36043
outputs = -0.98738 -0.113825 2.18869 -1.01575 -0.125208 2.1502 -0.305127 -0.239033 2.17894 -0.370583 -0.210577 2.17785 -0.088301 -0.818989 -0.329672 0.078031 0.799176 -0.070744 0 0 0 0 0 0 0 0.444445 0 0.444445 0 0 0.0162893 0.428572 0.0695919 0.314748 0.349796 0 0 0 0 0 0.0875785 0 0 0 0 0 0
buttons = 0 1 0 0 0 0 0 0 0 1
sensors = 174.782 200 132.075 0.251452 0.16908 -9.80665 0.94 30.19 1766 7.735 -944
pidduties = 0 -0.107422 0.177734 -0.0683594 -0.0878906 0.0273438 0.0136719 -0.0976562 0.191406 -0.0546875 -0.0976562 0.0410156 0.0625 -0.0195312 -0.0742188 0.00585938 0.0195312 0.0234375
#END
