#POS
condensed ERS-7
meta-info = 294193 35663
outputs = -0.98738 -0.113825 2.18869 -1.01575 -0.125208 2.1502 -0.305127 -0.239033 2.17356 -0.370583 -0.216268 2.17785 -0.088301 -0.815283 -0.329672 0.084034 0.799176 -0.070744 0 0 0 0 0 0 0 0.444445 0 0.444445 0 0 6.08556e-05 0.449081 0.00025893 0.00477217 0.00111667 0 0 0 0 0 0.145177 0 0 0 0 0 0
buttons = 0 1 0 0 0 0 0 0 0 1
sensors = 182.727 256.235 132.075 0.419087 0 -9.80665 0.93 30.24 1766 7.701 -1019
pidduties = 0 -0.0976562 0.177734 -0.0683594 -0.0878906 0.0273438 0.0273438 -0.0878906 0.21875 -0.0683594 -0.078125 0.0410156 0.0625 -0.03125 -0.0703125 0 0.0195312 0.015625
#END
