#POS
condensed ERS-7
meta-info = 294674 35723
outputs = -0.981644 -0.119516 2.18869 -1.02676 -0.125208 2.1502 -0.305127 -0.239033 2.17356 -0.370583 -0.216268 2.17785 -0.088301 -0.818989 -0.336136 0.084034 0.812955 -0.070744 0 0 0 0 0 0 0 0.444445 0 0.444445 0 0 3.71939e-06 1.04181 1.58253e-05 0.0712681 6.8249e-05 0 0 0 0 0 0.0506167 0 0 0 0 0 0
buttons = 0 1 0 0 0 0 0 0 0 1
sensors = 478.571 768.707 131.761 0.419087 0.16908 -9.64044 0.93 30.24 1766 7.701 -1019
pidduties = -0.0273438 -0.0878906 0.177734 -0.0273438 -0.0878906 0.0273438 0.0136719 -0.0976562 0.205078 -0.0546875 -0.078125 0.0410156 0.0625 -0.0117188 -0.0625 0 0.00585938 0.015625
#END
