#POS
condensed ERS-7
meta-info = 295697 35851
outputs = -0.975908 -0.113825 2.18869 -1.02125 -0.125208 2.1502 -0.311229 -0.239033 2.17356 -0.370583 -0.216268 2.17785 -0.088301 -0.818989 -0.329672 0.084034 0.812955 -0.070744 0 0 0 0 0 0 0 0.444445 0 0.444445 0 0 0.491469 0.429665 0.0856484 0.00466795 0.0200361 0 0 0 0 0 0.142682 0 0 0 0 0 0
buttons = 0 1 0 0 0 0 0 0 0 1
sensors = 153.435 200 132.075 0.419087 0.16908 -9.80665 0.94 30.19 1766 7.735 -944
pidduties = -0.0410156 -0.0976562 0.177734 -0.0546875 -0.0878906 0.0273438 0.0410156 -0.0878906 0.21875 -0.0546875 -0.078125 0.0410156 0.0625 -0.0195312 -0.0703125 0 0.00585938 0.015625
#END
