#POS
condensed ERS-7
meta-info = 293617 35591
outputs = -0.98738 -0.113825 2.18869 -1.02676 -0.125208 2.1502 -0.299024 -0.239033 2.17356 -0.370583 -0.210577 2.17785 -0.082782 -0.818989 -0.336136 0.078031 0.799176 -0.066322 0 0 0 0 0 0 0 0.444445 0 0.444445 0 0 0.00174139 1.29557 0.00740929 0.136747 0.0319536 0 0 0 0 0 0.000163227 0 0 0 0 0 0
buttons = 0 1 0 0 0 0 0 0 0 1
sensors = 386.538 476.793 132.389 0.419087 0 -9.80665 0.93 30.24 1766 7.701 -1019
pidduties = 0 -0.107422 0.177734 -0.0273438 -0.0878906 0.0273438 0 -0.0878906 0.205078 -0.0546875 -0.0878906 0.0410156 0.0527344 -0.0195312 -0.0625 0.015625 0.0195312 0.0117188
#END
