#POS
condensed ERS-7
meta-info = 296689 35975
outputs = -0.98738 -0.119516 2.18311 -1.02676 -0.125208 2.1502 -0.305127 -0.239033 2.17356 -0.358629 -0.216268 2.17785 -0.088301 -0.818989 -0.329672 0.084034 0.799176 -0.061901 0 0 0 0 0 0 0 0.444445 0 0.444445 0 0 0.530951 0.428575 0.112984 1.44726e-05 6.21202e-05 0 0 0 0 0 0.10482 0 0 0 0 0 0
buttons = 0 1 0 0 0 0 0 0 0 1
sensors = 418.749 748.344 133.018 0.419087 0.33816 -9.80665 0.93 30.24 1766 7.701 -1019
pidduties = 0 -0.0878906 0.205078 -0.0273438 -0.0878906 0.0273438 0.0136719 -0.0878906 0.21875 -0.0957031 -0.078125 0.0410156 0.0625 -0.0195312 -0.0703125 0 0.0195312 -0.0078125
#END
