#POS
condensed ERS-7
meta-info = 298578 36211
outputs = -0.98738 -0.113825 2.18869 -1.02125 -0.125208 2.1502 -0.305127 -0.239033 2.17356 -0.370583 -0.210577 2.17785 -0.088301 -0.818989 -0.329672 0.078031 0.799176 -0.070744 0 0 0 0 0 0 0 0.444445 0 0.444445 0 0 6.50403e-06 1.30551 2.77868e-05 0.00210939 0.000119288 0 0 0 0 0 0.0837297 0 0 0 0 0 0
buttons = 0 1 0 0 0 0 0 0 0 1
sensors = 124.844 200 132.075 0.251452 0.16908 -9.64044 0.94 30.19 1766 7.735 -944
pidduties = 0 -0.0976562 0.177734 -0.0546875 -0.0878906 0.0273438 0.0136719 -0.0878906 0.21875 -0.0546875 -0.0976562 0.0410156 0.0683594 -0.0195312 -0.0703125 0.00585938 0.00976562 0.015625
#END
