#POS
condensed ERS-7
meta-info = 293393 35563
outputs = -0.98738 -0.113825 2.18869 -1.02125 -0.125208 2.1502 -0.305127 -0.239033 2.17356 -0.370583 -0.210577 2.17785 -0.088301 -0.818989 -0.336136 0.084034 0.799176 -0.070744 0 0 0 0 0 0 0 0.444445 0 0.444445 0 0 0.00641724 0.455714 0.0273042 0.761132 0.117795 0 0 0 0 0 0.0335437 0 0 0 0 0 0
buttons = 0 1 0 0 0 0 0 0 0 1
sensors = 401.999 476.793 132.075 0.251452 0.33816 -9.80665 0.94 30.19 1766 7.735 -944
pidduties = 0 -0.107422 0.177734 -0.0546875 -0.0878906 0.0273438 0.0273438 -0.0878906 0.150391 -0.0546875 -0.0878906 0.0410156 0.0683594 -0.0195312 -0.0625 -0.00976562 0.00976562 0.015625
#END
