#POS
condensed ERS-7
meta-info = 298801 36239
outputs = -0.98738 -0.113825 2.18869 -1.02676 -0.125208 2.1502 -0.311229 -0.244725 2.17894 -0.370583 -0.216268 2.17785 -0.082782 -0.818989 -0.336136 0.084034 0.812955 -0.066322 0 0 0 0 0 0 0 0.444445 0 0.444445 0 0 1.76494e-06 0.634843 7.54024e-06 0.768922 0.000455447 0 0 0 0 0 0.0144695 0 0 0 0 0 0
buttons = 0 1 0 0 0 0 0 0 0 1
sensors = 130.519 200 133.647 0.419087 0.16908 -9.80665 0.93 30.24 1766 7.701 -1019
pidduties = 0 -0.0976562 0.177734 -0.0273438 -0.0878906 0.0273438 0.0410156 -0.078125 0.205078 -0.0546875 -0.078125 0.0410156 0.0527344 -0.0195312 -0.0625 0 0.00585938 0.0117188
#END
