#POS
condensed ERS-7
meta-info = 292785 35487
outputs = -0.98738 -0.113825 2.18869 -1.01575 -0.125208 2.1502 -0.305127 -0.239033 2.17894 -0.37656 -0.210577 2.17785 -0.088301 -0.818989 -0.329672 0.084034 0.812955 -0.066322 0 0 0 0 0 0 0 0.444445 0 0.444445 0 0 0.230163 0.428573 0.671015 8.2918e-06 0.000207302 0 0 0 0 0 0.131676 0 0 0 0 0 0
buttons = 0 1 0 0 0 0 0 0 0 1
sensors = 386.538 472.803 131.761 0.419087 0.16908 -9.64044 0.94 30.19 1766 7.735 -944
pidduties = 0 -0.107422 0.177734 -0.0820312 -0.0878906 0.0273438 0.0273438 -0.0976562 0.191406 -0.0410156 -0.0976562 0.0410156 0.0683594 -0.0117188 -0.0703125 -0.00976562 0.00585938 0.0117188
#END
