#POS
condensed ERS-7
meta-info = 300497 36451
outputs = -0.98738 -0.113825 2.18869 -1.02676 -0.125208 2.1502 -0.317332 -0.239033 2.17356 -0.370583 -0.210577 2.17785 -0.082782 -0.815283 -0.329672 0.078031 0.812955 -0.066322 0 0 0 0 0 0 0 0.444445 0 0.444445 0 0 0.408681 0.428582 0.000813815 4.42918e-05 0.000190273 0 0 0 0 0 0.0396111 0 0 0 0 0 0
buttons = 0 1 0 0 0 0 0 0 0 1
sensors = 446.666 758.389 133.647 0.419087 0.16908 -9.80665 0.94 30.19 1766 7.735 -944
pidduties = 0 -0.0976562 0.177734 -0.0273438 -0.0878906 0.0273438 0.0546875 -0.0878906 0.232422 -0.0546875 -0.0976562 0.0410156 0.0585938 -0.03125 -0.0742188 0.015625 0.00585938 0.0117188
#END
