#POS
condensed ERS-7
meta-info = 294610 35715
outputs = -0.98738 -0.113825 2.18869 -1.02125 -0.125208 2.1502 -0.305127 -0.239033 2.17894 -0.370583 -0.210577 2.17785 -0.082782 -0.818989 -0.329672 0.072029 0.799176 -0.070744 0 0 0 0 0 0 0 0.444445 0 0.444445 0 0 5.39903e-06 1.31522 2.29719e-05 0.00730581 9.90695e-05 0 0 0 0 0 0.0727908 0 0 0 0 0 0
buttons = 0 1 0 0 0 0 0 0 0 1
sensors = 478.571 758.389 132.389 0.419087 0.16908 -9.80665 0.94 30.19 1766 7.735 -944
pidduties = 0 -0.107422 0.177734 -0.0546875 -0.0878906 0.0273438 0.0136719 -0.0878906 0.191406 -0.0546875 -0.0878906 0.0410156 0.0527344 -0.0195312 -0.0742188 0.0195312 0.0195312 0.015625
#END
