#POS
condensed ERS-7
meta-info = 292625 35467
outputs = -0.98738 -0.113825 2.18869 -1.01575 -0.125208 2.1502 -0.305127 -0.239033 2.17356 -0.37656 -0.210577 2.17785 -0.088301 -0.818989 -0.336136 0.078031 0.799176 -0.061901 0 0 0 0 0 0 0 0.444445 0 0.444445 0 0 0.839627 0.428576 0.0141585 2.10503e-05 9.01724e-05 0 0 0 0 0 0.0830271 0 0 0 0 0 0
buttons = 0 1 0 0 0 0 0 0 0 1
sensors = 379.245 476.793 132.075 0.251452 0.33816 -9.80665 0.94 30.19 1766 7.735 -944
pidduties = 0 -0.107422 0.177734 -0.0683594 -0.0878906 0.0273438 0.0136719 -0.0878906 0.21875 -0.0410156 -0.0878906 0.0410156 0.0683594 -0.0195312 -0.0625 0 0.0195312 0
#END
