#POS
condensed ERS-7
meta-info = 295025 35767
outputs = -0.981644 -0.113825 2.18869 -1.01575 -0.125208 2.1502 -0.305127 -0.239033 2.17356 -0.37656 -0.210577 2.17785 -0.088301 -0.818989 -0.329672 0.084034 0.812955 -0.070744 0 0 0 0 0 0 0 0.444445 0 0.444445 0 0 4.78995e-07 0.483277 9.89063e-05 0.246608 0.602347 0 0 0 0 0 0.00650325 0 0 0 0 0 0
buttons = 0 1 0 0 0 0 0 0 0 1
sensors = 467.441 768.707 132.075 0.586722 0.16908 -9.80665 0.94 30.19 1766 7.735 -944
pidduties = -0.0136719 -0.107422 0.177734 -0.0683594 -0.0878906 0.0273438 0.0136719 -0.0878906 0.232422 -0.0410156 -0.0976562 0.0410156 0.0683594 -0.0195312 -0.0703125 -0.00976562 -0.00390625 0.015625
#END
