#POS
condensed ERS-7
meta-info = 293425 35567
outputs = -0.98738 -0.119516 2.18869 -1.01575 -0.125208 2.1502 -0.305127 -0.239033 2.17356 -0.370583 -0.210577 2.17785 -0.088301 -0.818989 -0.336136 0.084034 0.799176 -0.061901 0 0 0 0 0 0 0 0.444445 0 0.444445 0 0 0.00532631 0.504176 0.0226625 0.600405 0.0977352 0 0 0 0 0 0.0248853 0 0 0 0 0 0
buttons = 0 1 0 0 0 0 0 0 0 1
sensors = 401.999 476.793 132.075 0.419087 0.16908 -9.97286 0.93 30.24 1766 7.701 -1019
pidduties = 0 -0.0878906 0.177734 -0.0683594 -0.0878906 0.0273438 0.0136719 -0.0878906 0.150391 -0.0546875 -0.0878906 0.0410156 0.0625 -0.0195312 -0.0625 -0.00976562 0.0195312 0
#END
