#POS
condensed ERS-7
meta-info = 297810 36115
outputs = -0.98738 -0.113825 2.18869 -1.01575 -0.125208 2.1502 -0.299024 -0.244725 2.17894 -0.37656 -0.216268 2.17785 -0.088301 -0.818989 -0.329672 0.084034 0.799176 -0.066322 0 0 0 0 0 0 0 0.444445 0 0.444445 0 0 0.000569257 0.624068 0.002432 0.0445461 0.0104405 0 0 0 0 0 0.0329564 0 0 0 0 0 0
buttons = 0 1 0 0 0 0 0 0 0 1
sensors = 211.578 245.119 132.075 0.419087 0.16908 -9.80665 0.94 30.19 1766 7.735 -944
pidduties = 0 -0.107422 0.177734 -0.0683594 -0.0878906 0.0273438 0 -0.078125 0.205078 -0.0410156 -0.078125 0.0410156 0.0625 -0.0195312 -0.0703125 -0.00976562 0.0195312 0.0117188
#END
