#POS
condensed ERS-7
meta-info = 298289 36175
outputs = -0.98738 -0.119516 2.18869 -1.01575 -0.125208 2.1502 -0.305127 -0.239033 2.17356 -0.370583 -0.216268 2.17785 -0.088301 -0.818989 -0.336136 0.084034 0.812955 -0.066322 0 0 0 0 0 0 0 0.444445 0 0.444445 0 0 3.4792e-05 0.440537 0.00014864 0.00272258 0.000638107 0 0 0 0 0 0.14965 0 0 0 0 0 0
buttons = 0 1 0 0 0 0 0 0 0 1
sensors = 147.794 200 133.962 0.419087 0.16908 -9.80665 0.94 30.19 1766 7.735 -944
pidduties = 0 -0.0878906 0.177734 -0.0820312 -0.0878906 0.0273438 0.0136719 -0.0878906 0.150391 -0.0410156 -0.078125 0.0410156 0.0683594 -0.0195312 -0.0625 -0.00976562 -0.00390625 0.00390625
#END
