#POS
condensed ERS-7
meta-info = 298193 36163
outputs = -0.98738 -0.113825 2.18869 -1.01575 -0.125208 2.1502 -0.305127 -0.239033 2.17356 -0.370583 -0.210577 2.17785 -0.088301 -0.815283 -0.329672 0.078031 0.771618 -0.066322 0 0 0 0 0 0 0 0.444445 0 0.444445 0 0 6.08479e-05 0.449113 0.000259957 0.00476153 0.00111599 0 0 0 0 0 0.145301 0 0 0 0 0 0
buttons = 0 1 0 0 0 0 0 0 0 1
sensors = 189.622 225.548 131.132 0.251452 0.33816 -9.80665 0.94 30.19 1766 7.735 -944
pidduties = 0 -0.0976562 0.177734 -0.0820312 -0.0878906 0.0273438 0.0136719 -0.0878906 0.21875 -0.0546875 -0.0976562 0.0410156 0.0683594 -0.03125 -0.0742188 0.00585938 0.0488281 0.0117188
#END
