#POS
condensed ERS-7
meta-info = 293298 35551
outputs = -0.98738 -0.113825 2.18869 -1.02125 -0.125208 2.1502 -0.305127 -0.239033 2.17356 -0.370583 -0.216268 2.17785 -0.088301 -0.818989 -0.329672 0.084034 0.812955 -0.066322 0 0 0 0 0 0 0 0.444445 0 0.444445 0 0 0.0112231 0.428931 0.0477524 0.749935 0.211229 0 0 0 0 0 0.0650426 0 0 0 0 0 0
buttons = 0 1 0 0 0 0 0 0 0 1
sensors = 410.204 476.793 133.647 0.419087 0.16908 -9.80665 0.94 30.19 1766 7.735 -944
pidduties = 0 -0.0976562 0.177734 -0.0546875 -0.0878906 0.0273438 0.0273438 -0.0878906 0.246094 -0.0546875 -0.078125 0.0410156 0.0625 -0.0195312 -0.0703125 0 0.00585938 0.00390625
#END
