#POS
condensed ERS-7
meta-info = 293521 35579
outputs = -0.98738 -0.113825 2.18869 -1.01575 -0.125208 2.1502 -0.305127 -0.239033 2.17894 -0.370583 -0.210577 2.17785 -0.088301 -0.818989 -0.329672 0.078031 0.812955 -0.066322 0 0 0 0 0 0 0 0.444445 0 0.444445 0 0 0.00304551 1.00255 0.0129581 0.253868 0.0558837 0 0 0 0 0 0.0055328 0 0 0 0 0 0
buttons = 0 1 0 0 0 0 0 0 0 1
sensors = 401.999 476.793 132.075 0.419087 0.16908 -9.80665 0.93 30.24 1766 7.701 -1019
pidduties = 0 -0.0976562 0.177734 -0.0683594 -0.0878906 0.0273438 0.0136719 -0.0976562 0.191406 -0.0546875 -0.0976562 0.0410156 0.0683594 -0.0195312 -0.0703125 0.00585938 -0.00390625 0.00390625
#END
