#POS
condensed ERS-7
meta-info = 297714 36103
outputs = -0.98738 -0.119516 2.18869 -1.01575 -0.125208 2.1502 -0.299024 -0.244725 2.17356 -0.37656 -0.210577 2.17785 -0.082782 -0.818989 -0.336136 0.078031 0.812955 -0.066322 0 0 0 0 0 0 0 0.444445 0 0.444445 0 0 0.000995576 0.850754 0.00425334 0.0779067 0.0182595 0 0 0 0 0 0.0100334 0 0 0 0 0 0
buttons = 0 1 0 0 0 0 0 0 0 1
sensors = 195.145 232.989 132.075 0.419087 0.16908 -9.64044 0.94 30.19 1766 7.735 -944
pidduties = 0 -0.0878906 0.177734 -0.0683594 -0.0878906 0.0273438 0 -0.078125 0.205078 -0.0410156 -0.0878906 0.0410156 0.0527344 -0.0117188 -0.0625 0.015625 0.00585938 0.0117188
#END
