#POS
condensed ERS-7
meta-info = 296210 35915
outputs = -0.98738 -0.113825 2.18869 -1.02676 -0.125208 2.1502 -0.305127 -0.244725 2.17356 -0.370583 -0.216268 2.17785 -0.082782 -0.818989 -0.336136 0.084034 0.812955 -0.066322 0 0 0 0 0 0 0 0.444445 0 0.444445 0 0 0.0186955 0.428627 0.00434479 0.000236797 0.00101639 0 0 0 0 0 0.00297943 0 0 0 0 0 0
buttons = 0 1 0 0 0 0 0 0 0 1
sensors = 352.631 280.397 133.647 0.251452 0.16908 -9.80665 0.93 30.24 1766 7.701 -1019
pidduties = 0 -0.0976562 0.177734 -0.0273438 -0.0878906 0.0273438 0.0136719 -0.078125 0.205078 -0.0546875 -0.078125 0.0410156 0.0488281 -0.0195312 -0.0625 -0.00976562 -0.00390625 0.0117188
#END
