#POS
condensed ERS-7
meta-info = 293745 35607
outputs = -0.98738 -0.113825 2.18869 -1.02125 -0.125208 2.1502 -0.305127 -0.244725 2.17356 -0.370583 -0.210577 2.17785 -0.082782 -0.818989 -0.329672 0.078031 0.799176 -0.066322 0 0 0 0 0 0 0 0.444445 0 0.444445 0 0 0.000826432 0.742937 0.00351632 0.0648071 0.0151646 0 0 0 0 0 0.016182 0 0 0 0 0 0
buttons = 0 1 0 0 0 0 0 0 0 1
sensors = 386.538 457.489 132.075 0.419087 0.16908 -9.97286 0.94 30.19 1766 7.735 -944
pidduties = 0 -0.0976562 0.177734 -0.0546875 -0.0878906 0.0273438 0.0273438 -0.078125 0.21875 -0.0546875 -0.0976562 0.0410156 0.0527344 -0.0195312 -0.0703125 0.00585938 0.00976562 0.00390625
#END
