#POS
condensed ERS-7
meta-info = 295217 35791
outputs = -0.98738 -0.113825 2.18869 -1.02125 -0.125208 2.1502 -0.305127 -0.244725 2.17356 -0.370583 -0.210577 2.17785 -0.082782 -0.818989 -0.329672 0.078031 0.799176 -0.070744 0 0 0 0 0 0 0 0.444445 0 0.444445 0 0 1.56603e-07 0.446457 0.225898 0.0763756 0.4059 0 0 0 0 0 0.0567149 0 0 0 0 0 0
buttons = 0 1 0 0 0 0 0 0 0 1
sensors = 467.441 758.389 132.389 0.251452 0.16908 -9.80665 0.94 30.19 1766 7.735 -944
pidduties = 0 -0.0976562 0.177734 -0.0546875 -0.0878906 0.0273438 0.0136719 -0.078125 0.232422 -0.0546875 -0.0976562 0.0410156 0.0527344 -0.0195312 -0.0703125 0.015625 0.0195312 0.0234375
#END
