#POS
condensed ERS-7
meta-info = 293489 35575
outputs = -0.98738 -0.113825 2.18869 -1.02125 -0.125208 2.1502 -0.299024 -0.244725 2.17356 -0.370583 -0.210577 2.17785 -0.088301 -0.818989 -0.329672 0.084034 0.812955 -0.070744 0 0 0 0 0 0 0 0.444445 0 0.444445 0 0 0.00366929 0.780902 0.0156122 0.330639 0.0673298 0 0 0 0 0 0.0105698 0 0 0 0 0 0
buttons = 0 1 0 0 0 0 0 0 0 1
sensors = 401.999 476.793 131.761 0.251452 0.16908 -9.80665 0.94 30.19 1766 7.735 -944
pidduties = 0 -0.0976562 0.177734 -0.0546875 -0.0878906 0.0273438 0 -0.078125 0.205078 -0.0546875 -0.0976562 0.0410156 0.0683594 -0.0195312 -0.0742188 -0.00976562 -0.00390625 0.015625
#END
