#POS
condensed ERS-7
meta-info = 294001 35639
outputs = -0.98738 -0.113825 2.18869 -1.02125 -0.125208 2.1502 -0.311229 -0.244725 2.17356 -0.364606 -0.210577 2.17785 -0.082782 -0.818989 -0.323208 0.078031 0.812955 -0.066322 0 0 0 0 0 0 0 0.444445 0 0.444445 0 0 0.000186137 0.491303 0.000791979 0.0145965 0.00341552 0 0 0 0 0 0.0975365 0 0 0 0 0 0
buttons = 0 1 0 0 0 0 0 0 0 1
sensors = 319.047 368.078 131.761 0.251452 0.16908 -9.80665 0.93 30.24 1766 7.701 -1019
pidduties = 0 -0.107422 0.177734 -0.0546875 -0.0878906 0.0273438 0.0410156 -0.078125 0.205078 -0.0820312 -0.0976562 0.0410156 0.0585938 -0.0195312 -0.078125 0.00585938 -0.00390625 0.0117188
#END
