#POS
condensed ERS-7
meta-info = 295346 35807
outputs = -0.98738 -0.113825 2.18869 -1.02125 -0.125208 2.1502 -0.299024 -0.239033 2.17894 -0.370583 -0.216268 2.17785 -0.088301 -0.818989 -0.329672 0.078031 0.812955 -0.070744 0 0 0 0 0 0 0 0.444445 0 0.444445 0 0 0.00372239 0.43706 0.897322 0.0362466 0.156195 0 0 0 0 0 0.101214 0 0 0 0 0 0
buttons = 0 1 0 0 0 0 0 0 0 1
sensors = 436.956 738.562 132.075 0.586722 0.16908 -9.80665 0.93 30.24 1766 7.701 -1019
pidduties = 0 -0.0976562 0.177734 -0.0410156 -0.0878906 0.0273438 -0.0136719 -0.0976562 0.136719 -0.0683594 -0.078125 0.0410156 0.0683594 -0.0195312 -0.0703125 0.015625 0.00585938 0.0234375
#END
