#POS
condensed ERS-7
meta-info = 298033 36143
outputs = -0.98738 -0.113825 2.18869 -1.02676 -0.125208 2.1502 -0.305127 -0.239033 2.17356 -0.370583 -0.216268 2.17785 -0.071744 -0.818989 -0.329672 0.084034 0.812955 -0.066322 0 0 0 0 0 0 0 0.444445 0 0.444445 0 0 0.000154474 0.480721 0.00065995 0.012088 0.00283314 0 0 0 0 0 0.108347 0 0 0 0 0 0
buttons = 0 1 0 0 0 0 0 0 0 1
sensors = 220.879 258.581 131.761 0.921992 0.16908 -9.80665 0.93 30.24 1766 7.701 -1019
pidduties = 0 -0.107422 0.177734 -0.0273438 -0.0878906 0.0273438 0.0136719 -0.0878906 0.205078 -0.0546875 -0.078125 0.0410156 0.0332031 -0.0195312 -0.0703125 -0.00976562 -0.00390625 0.00390625
#END
