#POS
condensed ERS-7
meta-info = 298353 36183
outputs = -0.98738 -0.113825 2.18869 -1.02125 -0.125208 2.1502 -0.311229 -0.239033 2.17356 -0.370583 -0.216268 2.17785 -0.088301 -0.818989 -0.336136 0.084034 0.812955 -0.066322 0 0 0 0 0 0 0 0.444445 0 0.444445 0 0 2.39682e-05 0.441975 0.000102398 0.00187558 0.000439592 0 0 0 0 0 0.144129 0 0 0 0 0 0
buttons = 0 1 0 0 0 0 0 0 0 1
sensors = 147.794 200 133.333 0.419087 0.16908 -9.80665 0.94 30.19 1766 7.735 -944
pidduties = 0 -0.0976562 0.177734 -0.0546875 -0.0878906 0.0273438 0.0410156 -0.0878906 0.21875 -0.0546875 -0.078125 0.0410156 0.0683594 -0.0117188 -0.0625 -0.00976562 0.00585938 0.00390625
#END
