#POS
condensed ERS-7
meta-info = 297746 36107
outputs = -0.98738 -0.113825 2.18869 -1.02676 -0.125208 2.1502 -0.305127 -0.239033 2.17356 -0.370583 -0.210577 2.17785 -0.088301 -0.818989 -0.336136 0.084034 0.812955 -0.070744 0 0 0 0 0 0 0 0.444445 0 0.444445 0 0 0.000826328 0.743379 0.00353027 0.0646626 0.0151554 0 0 0 0 0 0.016402 0 0 0 0 0 0
buttons = 0 1 0 0 0 0 0 0 0 1
sensors = 195.145 245.119 132.075 0.251452 0.16908 -9.80665 0.93 30.24 1766 7.701 -1019
pidduties = 0 -0.0976562 0.177734 -0.0410156 -0.0878906 0.0273438 0.0273438 -0.0878906 0.232422 -0.0546875 -0.0878906 0.0410156 0.0683594 -0.0195312 -0.0625 0 0.00585938 0.0234375
#END
