#POS
condensed ERS-7
meta-info = 292401 35439
outputs = -0.98738 -0.113825 2.18869 -1.02676 -0.125208 2.1502 -0.305127 -0.239033 2.17356 -0.358629 -0.216268 2.17785 -0.088301 -0.815283 -0.336136 0.084034 0.812955 -0.066322 0 0 0 0 0 0 0 0.444445 0 0.444445 0 0 0.0408168 0.42859 0.00142185 7.75732e-05 0.000332297 0 0 0 0 0 0.0138494 0 0 0 0 0 0
buttons = 0 1 0 0 0 0 0 0 0 1
sensors = 386.538 476.793 132.075 0.586722 0.16908 -9.80665 0.94 30.19 1766 7.735 -944
pidduties = 0 -0.107422 0.177734 -0.0410156 -0.0878906 0.0273438 0.0136719 -0.0878906 0.150391 -0.109375 -0.078125 0.0410156 0.0625 -0.03125 -0.0625 -0.0136719 0.00585938 0.00390625
#END
