#POS
condensed ERS-7
meta-info = 299473 36323
outputs = -0.98738 -0.119516 2.18869 -1.01575 -0.125208 2.1502 -0.299024 -0.239033 2.17894 -0.370583 -0.210577 2.17785 -0.088301 -0.818989 -0.329672 0.084034 0.812955 -0.066322 0 0 0 0 0 0 0 0.444445 0 0.444445 0 0 0.25732 0.4326 0.383348 0.0172117 0.0739398 0 0 0 0 0 0.136658 0 0 0 0 0 0
buttons = 0 1 0 0 0 0 0 0 0 1
sensors = 173.275 202.146 133.962 0.419087 0.33816 -9.80665 0.93 30.24 1766 7.701 -1019
pidduties = 0 -0.0878906 0.177734 -0.0683594 -0.0878906 0.0273438 0 -0.0976562 0.205078 -0.0683594 -0.0878906 0.0410156 0.0585938 -0.0195312 -0.0703125 -0.00976562 0.00585938 0.0117188
#END
