#POS
condensed ERS-7
meta-info = 300657 36471
outputs = -0.98738 -0.113825 2.18869 -1.02676 -0.125208 2.1502 -0.305127 -0.239033 2.17356 -0.370583 -0.210577 2.17785 -0.088301 -0.818989 -0.329672 0.078031 0.799176 -0.066322 0 0 0 0 0 0 0 0.444445 0 0.444445 0 0 0.698172 0.428576 0.042914 1.74467e-05 7.49493e-05 0 0 0 0 0 0.0944825 0 0 0 0 0 0
buttons = 0 1 0 0 0 0 0 0 0 1
sensors = 446.666 758.389 132.075 0.419087 0.16908 -9.80665 0.93 30.25 1766 7.68 -1086
pidduties = 0 -0.107422 0.177734 -0.0273438 -0.0878906 0.0273438 0.0136719 -0.0878906 0.191406 -0.0546875 -0.0976562 0.0410156 0.0683594 -0.0195312 -0.0703125 -0.00390625 0.0195312 0.0117188
#END
