#POS
condensed ERS-7
meta-info = 292721 35479
outputs = -0.98738 -0.113825 2.18869 -1.02125 -0.125208 2.1502 -0.305127 -0.239033 2.17356 -0.37656 -0.210577 2.17785 -0.082782 -0.818989 -0.336136 0.084034 0.812955 -0.070744 0 0 0 0 0 0 0 0.444445 0 0.444445 0 0 0.391723 0.428574 0.246786 1.20363e-05 5.15594e-05 0 0 0 0 0 0.114522 0 0 0 0 0 0
buttons = 0 1 0 0 0 0 0 0 0 1
sensors = 394.117 472.803 131.761 0.419087 0.16908 -9.97286 0.94 30.19 1766 7.735 -944
pidduties = 0 -0.0976562 0.177734 -0.0546875 -0.0878906 0.0273438 0.0273438 -0.0878906 0.21875 -0.0410156 -0.0976562 0.0410156 0.0527344 -0.0195312 -0.0625 -0.00390625 -0.00390625 0.0234375
#END
