#POS
condensed ERS-7
meta-info = 293553 35583
outputs = -0.98738 -0.113825 2.18869 -1.02125 -0.125208 2.1502 -0.305127 -0.239033 2.17356 -0.370583 -0.210577 2.17785 -0.088301 -0.818989 -0.329672 0.084034 0.799176 -0.070744 0 0 0 0 0 0 0 0.444445 0 0.444445 0 0 0.00252778 1.20828 0.0107552 0.202512 0.0463835 0 0 0 0 0 0.00207329 0 0 0 0 0 0
buttons = 0 1 0 0 0 0 0 0 0 1
sensors = 401.999 476.793 133.647 0.419087 0.33816 -9.64044 0.94 30.19 1766 7.735 -944
pidduties = 0 -0.0976562 0.177734 -0.0546875 -0.0878906 0.0273438 0.0273438 -0.0878906 0.205078 -0.0546875 -0.0976562 0.0410156 0.0625 -0.0195312 -0.0703125 -0.00976562 0.0195312 0.015625
#END
