#POS
condensed ERS-7
meta-info = 294033 35643
outputs = -0.98738 -0.113825 2.18869 -1.01575 -0.125208 2.1502 -0.305127 -0.239033 2.17356 -0.370583 -0.210577 2.17785 -0.077263 -0.818989 -0.329672 0.084034 0.785397 -0.070744 0 0 0 0 0 0 0 0.444445 0 0.444445 0 0 0.000154493 0.480638 0.000657342 0.0121151 0.00283488 0 0 0 0 0 0.10803 0 0 0 0 0 0
buttons = 0 1 0 0 0 0 0 0 0 1
sensors = 319.047 318.309 132.389 0.251452 0.33816 -9.80665 0.94 30.19 1766 7.735 -944
pidduties = 0 -0.107422 0.177734 -0.0683594 -0.0878906 0.0273438 0.0136719 -0.0878906 0.205078 -0.0546875 -0.0878906 0.0410156 0.0488281 -0.0195312 -0.0703125 -0.00976562 0.0253906 0.0234375
#END
