#POS
condensed ERS-7
meta-info = 294546 35707
outputs = -0.98738 -0.113825 2.18869 -1.02125 -0.125208 2.1502 -0.305127 -0.239033 2.17356 -0.370583 -0.210577 2.17785 -0.088301 -0.818989 -0.323208 0.084034 0.812955 -0.061901 0 0 0 0 0 0 0 0.444445 0 0.444445 0 0 7.83717e-06 1.16554 3.33458e-05 0.000920693 0.000143808 0 0 0 0 0 0.0951644 0 0 0 0 0 0
buttons = 0 1 0 0 0 0 0 0 0 1
sensors = 446.666 758.389 132.389 0.419087 0.16908 -9.97286 0.94 30.19 1766 7.735 -944
pidduties = 0 -0.0976562 0.177734 -0.0546875 -0.0878906 0.0273438 0.0136719 -0.0878906 0.205078 -0.0546875 -0.0976562 0.0410156 0.0625 -0.0195312 -0.078125 -0.00976562 0.00585938 -0.0078125
#END
