#POS
condensed ERS-7
meta-info = 296978 36011
outputs = -0.98738 -0.113825 2.18869 -1.01575 -0.125208 2.1502 -0.292922 -0.239033 2.17356 -0.370583 -0.216268 2.17785 -0.082782 -0.818989 -0.329672 0.084034 0.812955 -0.066322 0 0 0 0 0 0 0 0.444445 0 0.444445 0 0 0.0723234 0.428572 0.369188 2.70551e-06 0.280021 0 0 0 0 0 0.14857 0 0 0 0 0 0
buttons = 0 1 0 0 0 0 0 0 0 1
sensors = 131.372 200 132.075 0.419087 0.16908 -9.80665 0.93 30.24 1766 7.701 -1019
pidduties = 0 -0.0976562 0.177734 -0.0820312 -0.0878906 0.0273438 -0.0273438 -0.0878906 0.205078 -0.0546875 -0.078125 0.0410156 0.0585938 -0.0195312 -0.0703125 0 0.00585938 0.00390625
#END
