#POS
condensed ERS-7
meta-info = 292657 35471
outputs = -0.98738 -0.119516 2.18869 -1.02125 -0.125208 2.1502 -0.305127 -0.244725 2.17356 -0.37656 -0.216268 2.17785 -0.082782 -0.818989 -0.336136 0.084034 0.812955 -0.070744 0 0 0 0 0 0 0 0.444445 0 0.444445 0 0 0.697971 0.428576 0.0429906 1.74717e-05 7.48431e-05 0 0 0 0 0 0.0937989 0 0 0 0 0 0
buttons = 0 1 0 0 0 0 0 0 0 1
sensors = 379.245 476.793 133.333 0.419087 0.16908 -9.80665 0.93 30.24 1766 7.701 -1019
pidduties = 0 -0.0878906 0.177734 -0.0546875 -0.0878906 0.0273438 0.0136719 -0.078125 0.205078 -0.0410156 -0.078125 0.0410156 0.0585938 -0.0195312 -0.0664062 -0.00390625 0.00585938 0.015625
#END
