#POS
condensed ERS-7
meta-info = 295954 35883
outputs = -0.98738 -0.113825 2.18869 -1.01575 -0.125208 2.1502 -0.317332 -0.239033 2.17356 -0.370583 -0.210577 2.17785 -0.082782 -0.818989 -0.329672 0.078031 0.812955 -0.066322 0 0 0 0 0 0 0 0.444445 0 0.444445 0 0 0.0830067 0.428818 0.0192905 0.00105136 0.0045127 0 0 0 0 0 0.0689085 0 0 0 0 0 0
buttons = 0 1 0 0 0 0 0 0 0 1
sensors = 254.43 244.06 132.075 0.419087 0.16908 -9.80665 0.94 30.19 1766 7.735 -944
pidduties = 0 -0.0976562 0.177734 -0.0683594 -0.0878906 0.0273438 0.0546875 -0.0878906 0.205078 -0.0546875 -0.0878906 0.0410156 0.0527344 -0.0195312 -0.0703125 0.015625 -0.00390625 0.00390625
#END
