#POS
condensed ERS-7
meta-info = 294321 35679
outputs = -0.98738 -0.113825 2.18869 -1.02676 -0.125208 2.1502 -0.305127 -0.244725 2.17356 -0.370583 -0.216268 2.17785 -0.088301 -0.818989 -0.336136 0.084034 0.812955 -0.066322 0 0 0 0 0 0 0 0.444445 0 0.444445 0 0 2.8881e-05 0.439499 0.000122884 0.00226479 0.000529953 0 0 0 0 0 0.147801 0 0 0 0 0 0
buttons = 0 1 0 0 0 0 0 0 0 1
sensors = 201 200 131.446 0.419087 0.33816 -9.80665 0.94 30.19 1766 7.735 -944
pidduties = 0 -0.0976562 0.177734 -0.0273438 -0.0878906 0.0273438 0.0136719 -0.078125 0.21875 -0.0546875 -0.078125 0.0410156 0.0625 -0.0195312 -0.0625 0 0.00585938 0.00390625
#END
