#POS
condensed ERS-7
meta-info = 296338 35931
outputs = -0.98738 -0.113825 2.18869 -1.01575 -0.125208 2.1502 -0.311229 -0.239033 2.17894 -0.370583 -0.216268 2.17785 -0.088301 -0.818989 -0.329672 0.084034 0.812955 -0.066322 0 0 0 0 0 0 0 0.444445 0 0.444445 0 0 0.0114509 0.428598 0.00206196 0.00011238 0.000482363 0 0 0 0 0 0.00381967 0 0 0 0 0 0
buttons = 0 1 0 0 0 0 0 0 0 1
sensors = 427.659 748.344 131.761 0.419087 0.16908 -9.80665 0.94 30.19 1766 7.735 -944
pidduties = 0 -0.0976562 0.177734 -0.0683594 -0.0878906 0.0273438 0.0410156 -0.0976562 0.150391 -0.0546875 -0.078125 0.0410156 0.0625 -0.0195312 -0.0703125 0 -0.0136719 0.00390625
#END
