#POS
condensed ERS-7
meta-info = 295378 35811
outputs = -0.98738 -0.113825 2.18869 -1.02676 -0.125208 2.1502 -0.299024 -0.239033 2.17356 -0.370583 -0.210577 2.17785 -0.082782 -0.818989 -0.329672 0.084034 0.812955 -0.070744 0 0 0 0 0 0 0 0.444445 0 0.444445 0 0 0.0148947 0.435617 0.829891 0.0300847 0.129238 0 0 0 0 0 0.111783 0 0 0 0 0 0
buttons = 0 1 0 0 0 0 0 0 0 1
sensors = 379.245 738.562 132.389 0.419087 0.16908 -9.80665 0.94 30.19 1766 7.735 -944
pidduties = 0 -0.0976562 0.177734 -0.0273438 -0.0878906 0.0273438 0 -0.0878906 0.150391 -0.0546875 -0.0976562 0.0410156 0.0585938 -0.0195312 -0.0703125 -0.00976562 -0.00390625 0.015625
#END
