#POS
condensed ERS-7
meta-info = 299057 36271
outputs = -0.98738 -0.113825 2.18869 -1.02125 -0.125208 2.1502 -0.299024 -0.239033 2.17894 -0.370583 -0.210577 2.17785 -0.088301 -0.818989 -0.336136 0.078031 0.799176 -0.070744 0 0 0 0 0 0 0 0.444445 0 0.444445 0 0 3.97515e-07 0.473978 0.000614756 0.197458 0.803553 0 0 0 0 0 0.0122558 0 0 0 0 0 0
buttons = 0 1 0 0 0 0 0 0 0 1
sensors = 125.625 200 132.075 0.419087 0.16908 -9.80665 0.94 30.19 1766 7.735 -944
pidduties = 0 -0.107422 0.177734 -0.0546875 -0.0878906 0.0273438 0 -0.0976562 0.136719 -0.0546875 -0.0976562 0.0410156 0.0625 -0.0195312 -0.0625 0.00585938 0.00976562 0.015625
#END
