#POS
condensed ERS-7
meta-info = 296625 35967
outputs = -0.98738 -0.113825 2.18869 -1.02676 -0.125208 2.1502 -0.305127 -0.239033 2.17356 -0.370583 -0.210577 2.17785 -0.071744 -0.818989 -0.329672 0.084034 0.812955 -0.066322 0 0 0 0 0 0 0 0.444445 0 0.444445 0 0 0.843907 0.428576 0.0136435 2.10083e-05 9.0173e-05 0 0 0 0 0 0.0830271 0 0 0 0 0 0
buttons = 0 1 0 0 0 0 0 0 0 1
sensors = 446.666 768.707 132.075 0.251452 0.16908 -9.80665 0.94 30.19 1766 7.735 -944
pidduties = 0 -0.107422 0.177734 -0.0410156 -0.0878906 0.0273438 0.0136719 -0.0878906 0.21875 -0.0546875 -0.0976562 0.0410156 0.0332031 -0.0195312 -0.0703125 0 0.00585938 0.0117188
#END
