#POS
condensed ERS-7
meta-info = 298001 36139
outputs = -0.98738 -0.113825 2.18869 -1.02125 -0.125208 2.1502 -0.299024 -0.239033 2.17356 -0.370583 -0.210577 2.17785 -0.082782 -0.818989 -0.323208 0.084034 0.812955 -0.070744 0 0 0 0 0 0 0 0.444445 0 0.444445 0 0 0.000186113 0.491402 0.00079512 0.0145639 0.00341343 0 0 0 0 0 0.0978734 0 0 0 0 0 0
buttons = 0 1 0 0 0 0 0 0 0 1
sensors = 220.879 258.581 132.075 0.419087 0.16908 -9.80665 0.94 30.19 1766 7.735 -944
pidduties = 0 -0.0976562 0.177734 -0.0410156 -0.0878906 0.0273438 -0.0136719 -0.0878906 0.21875 -0.0546875 -0.0976562 0.0410156 0.0585938 -0.0195312 -0.078125 0 0.00585938 0.015625
#END
