#POS
condensed ERS-7
meta-info = 295570 35835
outputs = -0.981644 -0.113825 2.18869 -1.01575 -0.125208 2.1502 -0.305127 -0.244725 2.17356 -0.37656 -0.210577 2.17785 -0.077263 -0.818989 -0.329672 0.072029 0.812955 -0.066322 0 0 0 0 0 0 0 0.444445 0 0.444445 0 0 0.851247 0.430875 0.182597 0.00983589 0.0422182 0 0 0 0 0 0.149067 0 0 0 0 0 0
buttons = 0 1 0 0 0 0 0 0 0 1
sensors = 144.604 200 132.075 0.419087 0.33816 -9.64044 0.94 30.19 1766 7.735 -944
pidduties = -0.0273438 -0.0976562 0.177734 -0.0683594 -0.0878906 0.0273438 0.0136719 -0.078125 0.205078 -0.0410156 -0.0878906 0.0410156 0.0488281 -0.0195312 -0.0742188 0.0292969 -0.00390625 0.00390625
#END
